Original,Perturbed,Is_Equivalent
46531+91*41*+136/20*-49-8450*5362+*38/6*+,+--+46**+5319141*/1362049*/**8450+5362386,True
7929/70+50+8219*5488*/98*32/61/89/-5555/36*+,+-++/79297050///*/*8219*548898326189*/555536,True
3473-99+3+98-341441*60+5678*15/++91+87*95*+,+-++-34739931**++34++*144160/*567815918795,False
6240-23391-/+57-44171+77*+-98-1138/92/70/-,----+-6240/23-39157+44*+1717798///11389270,True
9957*3493/68-15+79+71+87++97+8584/+98/2875*+,+/+++*9957++++-/3493681579718797/858498*2875,False
4521+185*+6418/69*32*61*6/86-+3291577*-/-,-+++4521*185-/***/6418693261686/32-9*1577,True
7529+9+98+62-22-8188*75*+69+5197/5432-96+/+,+++--+++75299986222**81887569//5197+-543296,True
4890/90/43/2/92/38/9397*-2470*38/62*-5438/+,+--//////4890904329238*9397*/*24703862/5438,True
8537-41+98-5022/-81-9586/48/-224-8251-53--+,+----+-85374198/502281//958648--224--825153,True
5366/67-85-16-3247/89/-93+62+34-74+38*+23-,-++-++----/5366678516//32478993627274*3823,False
195659*+944*5830-34*67/-11+1519*+-32+1415*+,++-+19*566++-*944/*-5830346711*151932*1415,False
3359+19+250*9/-702464/75*-81-+5038/61*+3-,-++-++335919/*2509--70*/24647581*/5038613,True
8185-54+1458/31/-92-5560/-96+2864/81*2852**-,-+---+-818554//14303192/556096**/286481*2852,False
3686*49*65633694235*59/6811/5854*-*++/+++,+**368649+6+56/3+36+94*/*23559-/6811*5825,False
67338337/84*11/18/1249/16*14*+2430/-5412*+*-,-67*33+-+//*/8337841118**/12491614/2430*5412,True
51/9022/6485/-/7919*45*44*4/10/72/+9489/+,++//51-/9022/6485///***7919454441072/9489,True
148*7433/-140/-91-1492*9660*54*/405731/+*+,+---*148/7433/14091*/*1492**966054+40/5731,True
849879*+913/12*34*-30+4347*-9318-7524/37+*+,+-+-+84*9879**/913128730*4347*-9318+/752437,False
2721*8+1552988-9739/453+13+/+645/39/+/*+,++*27218*1/55++-2988//9739++45313//64539,True
6290*31+5486*-69-35+9560*60/7682*+-8034*-57-,---++-+*629031*54866935+/*956060*7682*803457,False
5436/3626/74/67/-6418*433834-65+*+7623/79*+-,--/5436///36267467++*6418*43--383465*/762379,False
493543*5297+85+1637*81*+6475*+84+62+92+7+/+,+49/*3543++++++++529785**163781*64758462927,True
694127457294*1*5470-28-9274+-5+/3793/+/-/-,-69/41-27/45+/**7211+---547028+92745/3793,False
90936429*85*+93+2297/--1695/+1891*787361-+*+,++-90-++93**64298593/2297/1695**1891+78-7361,True
181*59+6789*-24+54+6237/77/38/7141/75*30*/+,+++-+*18159*67892454////62377738**/71417530,True
1941+444/+447842*972478/7/-8897/+8398*-*/-,-++1941/444/44**7842-+-47//24787/8897*8398,False
9019*1*89/50+8140*25*18*20*94*84/-3167*99/+,+-+/**901918950/*****81402518209484/*316799,True
1954/48/31/2169*869*35+51-/+5+1921*+780/+,++++///19884831/*2169-+*86935515*1921/780,False
176852*4478*5156*94*37+781867**907322/--+/*+,+17**6852/*4478++**51569437-*78*1867-90/7322,True
4131*3636+2238/-62+3958/+74+9042-285357+*--*,**4131-+++-+3636/223862/395874--9042*28+5357,True
601275+2533/37/-75+2062999*5256337*/-//++*,*60++-+1275//25333775+20/62/*999-39/56*337,False
7237/84/70*87/31-7515/55*62+1211/45-*60/23/+,+-/*//723784708731//*+*/75155562-/1211456023,True
438265*2*-277*97+-4783*-60-739140-9243*-/-,-----43**82652+*27797*478360/73--9140*9243,True
625042*1685+18/+7782*7364/99*+10+9+53+94+/-,-62/+*5042//168518+++++*7782*/7364991095394,False
294/35+8055/+247-2+52-93++6174/84*35*65*+,++++/29435/8055+-+-24725293***/6174843565,True
5628/39/8423*22/67-1227/22*6713/9429*24*+/+*,*//562839+-/*84232267/*/122722+/6713**942924,True
231528+4543*+283320/++66+/5872*-42+311992**-,-+-/23++++1528*4543+28/332066*587242*31*1992,True
599150*-48+7-5778*-24874783*43*47+29-81+/--,---+-59*9150487*572-24/87+-+**478343472981,False
21781/-4817/+20-7522*-8157/24/12*45/3097+*+,+--+-2/1781/481720*7534*/*//8157241245+3097,False
115551/+21+71-9686-4110/28*26*+-2937*77/55/+,+--++11/5551371+-9686**/41102826//*29377755,False
6231/11*6813*91/*47-9970/66*77-27*12/-4051*+,+--**/623111/*68139147/*-*/227066772712*4051,False
1446+9595*71/-92-16-531873+*78*57566/6+/--,----+1446/*9595719216-**53+187378/57+/5666,True
4978/90/15/32*55/69/5186/21*83/80/+5913/-54+,+-+//*///49789015325569//*/586218380/591354,False
524+819*94*804648/22*34//95*3+*682730*+*-,-+524****81994+*/80/*/46482234953+68*2730,True
2842-20883248*+52/66/-96+3/19*-69-6917/28/+,+---2842*/+-20//+88*324852669631969//691728,True
6999/82*53/94*81*55-8644/5067//2/19*+8794*+,++-**/**69998253948155*///8644/5067219*8794,False
2796*11*4844/21*-613/35-576*75*58*-796*++,+-**279611*/484421+--/61335***5767558*796,False
591183/27*+4663/-38-7888-13*769/-49+66-+-,---+59*/978327/466338+-7888-+-*13/7694966,False
911+1178/+5198+3813/-3025/-90-69*+4911--40+,+-+++911/1178*---+5198/3813/30259069-491110,False
672576917145*35-*33*-1192*-322*-/9*63**47/,/*67**/25---76**91-*71453533*1192*32296347,True
4682*42+2340/-90689794/84*27*-91*36*+4582++-,--+*468242/2340++90**-68**/979484279136+4582,False
8056/68/4420/-8621/41*670+/-805488/3/86+-+,+--//805668/4420/*/862141+670-80+//5410386,False
77311668/61*+6384169*-3176/47*36/-4619++/+/,/77++31*/166861/63+--84*169/*/31764736+4619,True
899499-99+48/+4474*269314/+23+/+14624016-//-,-++89/+-94999948/*4474++26/931423/14/62-4016,True
783/43-36-427690/+-6413*42/-297/-1033/+74-,-+-----/7834336+42/7690/*641342/297/103331,False
3319*26*7845734-85-3873/+50*57*-/96/59*-25+,+-**331926*//78-45**+--73485/38735057965925,True
476-53+7135*56/+23-292/258+/49/-8730*19*+,+--++-47653/*71355623///292+51849**873019,False
599991/42/6*27*2/+572129*61*/+3325/-49+70-,-+-++59/**//9991426322/57**212961/33254970,False
6284/66/74339672*49+*30-*430/-76-3*4228*/+,+//628466/*--*74-*33+*96724930/430763*4228,True
387*38/96/18*71+26-65-87+9824/+227/6567*++,+++--+*//*38738961871266587/9824+/227*6567,True
4156/63/1872/-23+80-27/9923/34*93*+616356*++,++--+-//415663/1872238027**/99233493+61*6356,False
6789+8448/28/-42+77-60-5226/+1857/+2140/60/-,-++--+-+6789//844828747760/5226/1857//214060,False
4567*8034*72*-3530/-5165*-3465*+177463*4+*-,++---*4567**803472/3530*5165*3465*17+*74634,False
43378090*9228+8-625812*522*4444+89-*-++*-/,/43-37**8090+-+92288+62-*5812**522-+354489,False
7296*56*10/963931+6065/2617/42-47-80+/+**-,-/**72965610*96*3++931//6076+--/2617424780,False
9659+7124/77/79/+9098*77*-516796/30-49+*+36-,-+-++9659///71247779**909877*51+-/6796304936,True
1974*3192*25*-8879/52*87/62*-53+1-8+81+3-,-++-+--*1974**319225*/*/88795287625318813,True
56962*-647226/89*53/-615/10*69/371718+/*++,+-56*962+-64/*/72268953*/*/6151069/37+1718,True
444790+125*11/+386/6*4548+*86/++33-8111/-,--+44+++4790/*12511/**/3866+45488633/8111,True
328-31+845*-5346/68*34*-53-44+33-83+3194*-,-+-+---+-32831*845**/5346683453443383*3194,True
111818/+86*12-508984+312222/72+*42*+1880/+*+,+-*+11/18188612*50+++8984/*31+/22227242/1880,False
2768/8045*93/-14+7214*97/+3670/43/35/+74-41-,--+++-/2768/*80459314/*721497///367043357441,True
2046*22+80+903343/2753/+68++5771/+21-7753/--,-++*20462280--++90++/3343/275368/577121/7753,True
218875*+953*-2419*+4657/+3068/+73+74+7234*+,++++++-+21*8875*953*2419/4657/30687374*7234,False
6164*36+96-2098*41++2+67+37-6831652930*--*-,--+++-+*61643696+*20984126737*68-31-65*2930,True
2498+2-60875774*14*+-21-37++8325/*3850*4*-,--+-+24982+--60+87**5774142137/8325**38504,False
54525553/9274/95*23*-*+963*-4092*2179*21*/-,--+54*52-/5553**/92748623*963/*4092**217921,False
2621+3379/-3717*3389/11/1-6291*48*2579*++/-,--+2621/3379/*3717+-//3389111+**629148*2579,True
9286/7+9726-98+924929*-5734--784*/53-+7-+,++/92867-++-972698----92*4929-5734*784537,False
70203169*5131*-490/9-64-91-6539*2530/*-+*-,-70*20+-*3169*5131----/49096491**6539*2530,False
3693/794//47*88+80+1645-92/84*6*99*70*81/-,-++*//3693/794478880/****/*164592846997081,False
641878/+94+52-98-72-5447/-74-14-4587125++/+,+------++64/187894529872/54477414/45+87+125,True
494324/14*+36599//91-2576*+218146+52-56+*-+,++49*/432414-+-/3/659991*2576*21+-+81465256,True
586365*85*82*52*+417+47*-14-6671*62/-8438-+,+---+58****6365858252*+4174713/*667162-8438,False
219681/2555*+83-37-58-/474*68/53*914*31+/+,+/21---+/9681*2555833758/*/*4746853+*91431,True
1182*42+60-9-6834*95*9412/*10/+7089/+9811*/,+++--+*118242609/***683495/941210/7089*9811,False
9741/9487*50/15/57*12*769055/24/50**79/-+*,*/9741///*94875015-**5712/*76*//9055245079,False
92360*30/+298582*-46+6525*+4362*-47-996/+-,-+92/*36030+--++-29*858246*6525*431747/996,False
3120-8249/48*6-17++5668/93+-184*-6-2060/+,+---+-3120+-*/824948617+/566893*1846/2260,False
995573-95*87*+9960/15*86/20892*+393495/++*+,++99**-55739587*/*/99601586++20*892+39/3495,True
93338612*-929563+1349*+/49*+445/37*64*56/-*,*93-+-33*8612*/92++9563*134949/**/445376456,True
526/8057*+173*+17+84-52-15+18+90+8322/+11+,+++++--+++/526*8057/173178452151890/832211,False
313*6888/93/8579*1039--58-579594/8923+/+-/+,+*313///688893---*8579-103958+57//9594+8923,True
92431/9*98*-58-83+30702844+352/+*21**2/+,++--9**/38319985883/*30**70++2844/352212,False
22271/40/84+-45622*71*+*59+80-871570/+98+-,--+**22+//2714084+4**5622715980++87/157098,False
224927/+4276/79*95/+40-1948*+74-21-65+9887/-,-+--+-++22/4927/*/4276799540*1948742165/9887,True
111984/65*-28-72+462953091*61-*54+13-+56**+,++--11*/1984652872*46-+2-+*95-*309161541356,False
92181526*2927/-21/77/3*28*4454+8+/+7+61+-,-92+++18/**//-*1526/29272177328++44548761,True
4253/7043/5*12/+90-5-182719-9084/+25-45+/+,+--+/4253/**7043512905/18+-+-2719/90842545,False
9383*8427*64/+18-91+61-4212/92*72*+465*52+-,-+-+-+*9383/*842764189161**/42129272+*46552,True
5155-143/38404152-9-426*4855/54-19+*++/*+,+-5155*/143/38-40+--41529**426+-/48555419,False
7095*4359*+72+7727/-1257/56/-880*89/+44+35+,+++--++*7095*435972/7727//125756/*880894435,True
93628038/-*233/26/-54/9336-40+62-33*+62+53-,-++--*93-62/8038//2332654*-+-93364062336253,False
27226*85/29*15*/34/17/144*46/-28*820-*-,--///27**/*2268529153417/*14446**28-882,False
8496/2799*38/92-16+85*74/76/-88+7377*36/45/-,-+-/8496//*+*/*279938921685747688//*73773645,False
25118*-7558*33+1971*21*87*-1631/+58/-45-35+,+---25*118/+-+*755833***19932187/1631584535,False
9364*14+786*89*63/+5225*88*+8369/628-*+-,-+*936412+++**78689/63**522588*/8369-628,False
9877/863934*251870/-/96*59*11/+/43+155*-30+,+-+//9877+86/**//3934-25/187096591143*15530,False
56936399-79+34+71+5743+711*+2+3083/--71+/+,+56/93+-+++-6399793471-+++5743*7112/308371,False
7834-1918/-1026/10*-7067/84*-89+42196251*-/+,++----7834/1918*/102610*/70678489/42-19*6251,True
273599-47-7-62+-43-126299*26*+*9585/+8+31-,-+++--27+---35994776243+12**629926/9585831,False
803928/+99+9326/+85592598-6-/86/*4*54/76/-,-+++80/392899/9326//**85//59--259868645476,True
1313*40-86-70-68-18-51793129+40+7326*-99-*-+,+-----*13134086706818-51*79--++312940*732699,True
35295/36*61*+92+85436/6754/1*+29-+6549*--,-++35**/295366192-+8-+/5436*/6754129*6549,True
804*3432-+27-13917180*39+-55+*-64+69-7526/-,--+--+*804/343227*13+-91+*718039556469/7526,False
4243-7641/+8866*90/1881/86*1631*94*-57+*5*+,++-4243/7641**/*886690+-*/188186**163194575,False
8658+2573*58*-1119*5*-1748*89/+6248/63/-57-,--+--+8658**257358**11195/*174889//62486357,True
3733*64+5739*3268-376259/-668096/4432***--/+,++*373364/*5739--3250--37/6259*66*/8096*4432,False
4524/5827/57/21*44*10/51*+56+6629/88*94*13*+,+++/4524*/**//5827572144105156***/6629889453,False
423498/+77/7292*37*4/55/86/48583873/17-+/*+,+/+42/349877*///**72923745586/48+58-/387317,True
1936+75+19+77-807360/66*1088*38/-12+30-*54*-,--+++1936751977**80-+-*/736066/*108838123054,True
249967/61*-57+2762/52*6888/36/-25*-4776/86*-,--+-24*/99676157*-*/276252//68883677*/477686,False
4814*90687-49-82-994/90+462712*56/97*/+-/+,+*4814/90----6874982++/99490/46*/*27125697,True
623*905-/21*20/1/57623178+47-9288*-78+**+,+//*/*2223-90521201*57*62+--+317847*928878,False
1264*21+75-20+74-10-97-905967*65/75/144*+/+,+---+-+*1264217520881097/90+//*59676575*144,False
8745/18+1282/+991194*40*37/6-7560*+2491++/+,+++/874518/1282/99++-/**119440376*7560+2491,True
268716*7*-4050/18/854512*+35-*4/61/-63+71-,-+--26**87167//*//405018-+85*4512354616371,True
66672117*/52*-3770*+9460*91/+8880/78116+*/+,+++-66*/67*211752*3770/*946091//8880*78+116,True
8725/8515*-89-8055*38*19*+8575*+51-4450*28*-,--++--/8725*851589***80553819*857551**445028,True
65216/36*26/33/80*+2673*39/-64-1437/-69+63-,-+---+65*//*/21636263380/*26733964/14376963,True
2277-2383+59709713*-77+/35*-7023+824/-82+-+,+-2277--+2383*/59+-70*97137735+-+2623/82482,False
1434/6356*96-1419+6+37482*-*+96+55/81/-44+,+-/1434//++-*635696*++14196-3*748269558144,False
56132/89186629/68/55*36867881/55/60*+*-/+/+,+5//6132+89/18-*//66296855*36+86*//78815560,True
55644495/834-+61+/+1438+81-59-2+19--1834/+,+-+55/64++/4495-83461-+--+14388159219/1834,True
9660+6/62+94-65476541*+9115/-2916/5971**+*+,+-+/+9660506294*65+-+47*6541/9115*/2916*5971,False
6635808/34/4*/-14+27/30*432255/38+6+17---,-*/+-66/35*//808344142730*43-++/225538617,False
1182/48-37-1662/55/-5739+704*-99+9561/+53--,----/11824837//166255-++-+5739*70499/956153,True
8250+2161*83+-3617/+9684/-61+7817/-1926/-79+,+--+-+-+8250+*216183/3617/968461/7817/192679,True
523/8-1945*+2812*-233151*10*+208*79-12-++,+-+-/5238*1945*2812++23**315110--*2081412,False
9679*19-46-27925189*13*-87+568/21*-54-+11--,---*96791946-+27--+-92**51891387*/568215411,True
3612-70-1169*47/+1988-23+40/79*47*555211/+/-,-+-/361270/*116947/**/+-198823407947+55/5211,False
3762-31-338247*-5+9258*11-+1443*6850-/-19+-,---376231+-++-33*82475-*925811/*1443-685019,True
4627-4621*--6519/-3297*-38+6862/-58-63++,+----4627-46*21/6519*3297+--+38/68625863,True
1072-2519/55*-9546/-6668/+62289+565587+----,-+---1072*/251955/9546/6668-6-+2289-56*5587,False
988152/50*+2368*61/8810*+91*22*72*+11+8778/+,++++98*/815250***+/*236861*881091227211/8778,True
91726926*541-*-5095*+3087-40-24+4861/-35+--,+91-+-72**6926-541*5095+-+--30874024/486135,False
426/651/-4-5344*78/-57+2279*87*-38+29+14+,+++-+---/426/6514/*53447857**227987381914,False
62687357+22+4462-81-70/+-7858-4/+2898/-*3+,+*62-+-68+++735722/--44628170/-78584/28983,True
4883/5686-16*84*82/-23+44+59124-*+31-7483/+,+-+++-/4883/**/56861684822344*59-12431/7483,False
683221/4854*--23+1-6735*71/33*+32+82+626/-,-+++-+-68-/3221*4854231*/*673571333282/626,False
506024*-26+9410/+2365*3416/5328-*67/43/++-,-++-50*602426/9410+*2365+/*/3416-532867/43,False
2346-5311/43*48*3888-61-5890/86*33*9068*-+*-,--2346***/53114348+--388861***/58908633*9068,False
540*18/37*3441/-3053*487/45/503*+17-32+/+,+-*/*5401837/3441/*3053+-++/48745*5031732,False
658/4560*88*69/+94+3768/2031-/-683241*2*/-,--++/658/**4560886994//3768-2031/68**32412,True
839167*/74/9477/6574/+83-5267-7565*+6++65-+,+//83*916774-+-+/9477/657483++-5267*7565665,True
58875*/1/38*65*629+21-4587*76/7048-*14/--,-**//5*887513865--+62921/*/*458776-704814,True
4421+458/-4330*89*53/53*+6387/43/-7199/25*+,+-+-+4421/458*/**4330895353//638743*/719925,True
907943-/9048*76*98/14/73*6527//*37+1081*2+-,-++/90-7943/*//**904876981473/652737+*10812,False
28566596/91*94*56*50+176/7/-2735/84*14*-+-,-28+56--+***/659691945650//1767**/27358414,True
4459*484*+72-82+9418/+97-6372/+53231/--53+,+-+-++-+*4459*4847282/941897/6372-5/323153,False
2054/+8367*-89-3395/22/-18+5093*22*75/32/+,++---+20/54*836789//33952218//**5093227532,True
935770*-6559*4*-1590/69/-3063*+76+85-15+26-,-+-++---93*5770**65594//159069*306376851526,True
824-908966+50294**-9313/+5742/59/69-43*+/+,+-824/90++-+8966*50*294/9313*--/5742596943,False
524476/73*18/5*+3343/13/27+/3523/84/12*37*+,+/+52*/*/987673185+//33431327**//3523841237,False
2131*89*9390/+484*6776*-45+867*8078*68*-++,++**213189/9390++-*484*677645-*867**807868,True
97475/+8999/+143*54*79/4131*73/11/-60-65--,-++97/475/8999---/**1435479//*413173116065,True
9912*841113/64+45-58-12-42+/50/70*-9849/-20+,+--*9912*//84+---+/111364455831425070/984920,False
8146+599++303*59/6050-58586/58/7*35+/--+,+++8146+599-/*30359--6050/52+*//58658735,False
3449+7681*-18-22+43+4989*12/+84-6557/78--59+,+--+++--+3449*7681182243/*86891284-/65577859,False
4226+9292/7369187*88/85/-*5618*+7280*-67/+-,-+826+/9292/-+*73-69//*1878885*5618*728067,False
3446+31+5916*84/-7-1+56+725479/+2/+69-1-,--+++--++344631/*5916847156/+72/54792691,True
2219+53+251078+663417/7763*58*-2292-30--*+/-,-++221953/69++1078*66--/3417**776358--229230,False
425+32-44+98+45-9110/19*-25-96-28+986553++-,-+----++-+42521449845*/911019259628+98+6553,False
1114*49/42*5571*+1522*32*32/-1+6328*-9563/-,--+-+*/*11144942*5571/**152232321*6328/9563,True
25355768//-677715-16-/+235149+65824*-62+*-+,++-25/35/5768/67--771516-23*+5149+-6*582462,True
7063/8236+934479*69*6080/+/+7012*+74-+69*-,-+/8563-+++8236/93+**447969/6080*701274*69,False
8348+84-4152/+106/+49306020-3372*-21-14*-*+,+++-+834884/4152/106*49-30*---6020*33722114,True
568559/-1987*83+*7485653026/409029/*53***+*/,/*-56/8559+*198783*74+85*65+/3026**40/902953,False
4945/632998*--1050*53*+23-996*-50-83-15+43-,-+----+-/4945-63*2998**10505323*99650831543,True
5512/64*34/729*+3351*3268/69*+47*+1639*97*+,+++/*/55126434*729*+*3351*/32686947**163997,True
917372967/+*33/24*+47258/7-*-4877/-19-55+,+---+91*/*73+72/9673324*47-/2587/48771955,True
3080/9097+1054*-49+*9782/+28-6+3529*+34+83-,-+++-+*/3080+-+9097*105449/9782286*35293483,True
9566*82+59+97-7752*-78-37+55-1925/28/66/62*-,--+---++*9566825997*7752783755*///1925286662,True
8749+8648/-5340/-314858/+81+7341/-30988/---,---+8749/8648/5340--++31/485881/735-30/988,False
32945/893/-18546+*84/-24/+3313/69/*65-97-,---+32/--/945/893/*1+85468424//3313696597,False
822595/1342301//93/-*36/-4514/1456/97+55+/+,+-82/*/2595-13//42/3019336//4514++/14569755,True
2728-83+1192*53/+447//39+7821*5/70*10*+16-,-+++++-272883/*119253/44739**/*78215701016,False
62508754/12-7454/-*52+80-50+999/83*72+46---,+62-+-+*50--/875412/7454528050-+*/999837246,False
274660*-5725/25*-81-85-70+2895*415+4974/+/+,++----27*4660*/572525988570/*2895++415/4974,False
7371*77*51/6/81+15581/-1828/-4226/5*+7--,-+//**73717751681-+--15/581/1828*/422657,True
5359*5621*-930*8/+9+9+3667*43-452944-*++,++++-*5359*5621/*930899+-*366743*45-2944,True
5913/36+87-72-9756/77378226/-276656-20+/+*/-,---+/5913368772//9756*77+-37/8226/27+-665620,True
7499*28/34/91*3030/36**83/-1921+792*44/--,--/*749928/**/3491*/30303683-+1921/*79244,True
8553*86*93/37*23/8*38-784635//6*35/3*92*+,+-*/*/**855386933723838**/*/78/4635635392,True
769+35-4289/+70*96234318-4462--45++60+*-*,**+-+76935/428970-96*23++4+--318-44624560,True
296*7999/-34-33+7435/28*34*55*87/-4168*+70-,-+-+--*296/79993433/***/743528345587*416870,True
7055-583436+28+/+7672/75/-86-874489/-52++-,---+-7055/58++343628//76727586+87+-44/8952,True
3439/583/5*53*-78+8759*2354*-49++47905-/+,+++-/3439**/58355383+-*8759*235449/47-905,False
668*61/58-9496*22/918934861*9368*97*/++*/-,--/*6686186//*949622*91+89+34/*861**936897,False
39254329*+5193/42/923217-/+19-22+6173/34*/+-,-39++25*4329/+-+//519342/92-32171922*/617334,True
924675*+674916-9130/+97-*+70+5484/89-28-58--,-+++92*4675*67-+-4916/91309770---/5484892858,True
364090*29/88*-4064*16/66/+9061*74/87*93/91*+,++-36*/*40902988//*40641666*/*/*906174879391,True
8639528*14*94*62*13-*9675//68/57*+15-999/-,--+31*//*39-****52814946213/9675685715/999,False
9626/7097+/45*6661*43/77*40/63*-6-935251+*-,---*//9626+709745*/*/*666143774056*93+5251,False
394081/1/26*79*+8+76+8075/+43-4137*4746/+-,--++++39**//408112679876/807543+*4137/4746,True
7344-56-2+35+66-51+40-867660+/62*-994*50/-,---+-++--731856235665140*/86+766062/*99450,False
4322/5*57/752/46/95/80/*90-7276*54/47*77/-,--*/*/4322557////75246958090/*/*7276544777,False
9199-28-57+7192*23/69363885/52*/9627*43--*-+,++--91992857-/*719223*69-/36*/388552-*962743,True
7920-998++5237--3140/+3599*-57-3058*47/19++,+--+-+-7920*998-5237/3140*359957+/*30584719,False
452+41-308779/1673/62/-/12*-2499*4/77*+86-,-+--+45241*/30-/8779/*16736212*/*249947786,False
2693-226/-3326/22+3633*46*691199*61*-56*-/-,---2693/226++/332622-**363346*-69**11996156,False
607794/-3459*17/-24+5773/75/58/7*-2596*77/+,+-+--60/7794/*34591724*///577375587/*259677,True
166357++2757/24-244**+968/37/8*+9598/-18+,+-+++16+6357+-/275724*244*//968378/959818,False
559456*91*+2594*+52-45+40+5629*+30+8+3-66-,--+++++-++55**945691*2547524540*5629308366,False
9260*99*18*70+2767*5*-28-63+520-4745*77/++,++--+***9260991870**276752863+-520/*474577,True
848/72+449828+/96*23-11-45-/629+/89/82+42+,++/////84872---*/44+982896231145+629898242,False
5975+3464*6013*524/+21-*+97-3792-180/+97-+,+-++5975**3464-+*6013/5242197-+-3792/18097,True
906311/-71348/2058*5744//14*29/-5869*-*9/+,+-90/6344/*71--/348/*/*2058/57441429*58699,False
836*681*7/50*+29-3088/+555351*89/5879*+++,++-+*836*/*68175029/3088+55+/*535189*5879,True
8412*4642*12/43*77/+3084-65/+21+31-783-+38-,-+-+++*8412/*/*4642124377/-3084652131-78338,True
922424/7520/-15-+437*93*57/-98-34-645441+--,----+92--/2424/532015/**43793579834-64+5441,False
820*27+9672*58/64*+153/7160-*13/-229/23/-,--++*82027*/*96725864/*/153-716013//22923,True
1029*47/34*6229/+3593/28/-80+18-5444/+4119/-,-+-+-+*/*10294734/6229//3593288018/5444/4119,True
5978/57-88-4121/-673/13*7*+479*-8-17+80+,++--+---/59785788/4121**/673137*47981780,True
8567168/3/55*31*52*19*8*97*78*+873/-47--,-81--+56*******//716835531521989778/87347,False
2365/2532+8943*55/+8560*61/68/50/+531292**-+,+/2365-+++2532/*894355///*8560616850*53*1292,True
249422*265424-7-43-*55/77*69+4141071/+*-*+,+24**9422-+*/*26---542474397769*41+4/1071,False
194815/2*+2730/-27+243/70*85/+6816++9591*-,-+++-+19*/48152/273027/*/2437085+6216*9591,False
7260+4558*20/57/72*44/6598-/-608*52730-+*-,--+7260//*//*455820577244-6598**608+52-730,True
884+4575/+3481437/+23-/-2+19+58-34-9648-+,+--++-++884/4575/34-+81/437232195834-9648,True
1999*7539*4432*17--5747*3334/45*8472/*+/--,-*1999--*7539-*443217/5+*747**/333445/8472,False
7277/83/99/57*33*38*61+3123/-86-351172-55-++,+--+***///7277839957333861/312386+35--117255,True
6786+6628*+9232*23*90/-30-80+24+8422*+269*-,-+++--++6786*6628/**92322390308024*8422*2628,False
16497*9*+536373/521779/+65*+/64/39/+2668/+,+++16**49787///53+/6373*+52/1779656439/2668,False
3797*8665646-*47985*42/-*72/7278*8189-//-*,**3797-86//**65-646-47/*9854272/*7278-8189,True
488693537*+2845*69+492/-1214/76/+587*+-/+,+48/8-+69*3537++-+*284569/492//121476*587,True
9017+1875+40-87*40*+93-1427*39*-1342*62-70--,---++9017**-+187540874093**142739--*13426270,False
7339*92-63-33-6073/26*73/13*70*68*-118022**+,+----*7339926333***/**60732673137068*11*8022,False
9186+47+8253*81/-6628+13+8730/68*-6022*-55--,--++918647/*825381---++662813*/873068*602255,True
39502*+625715*+7240*82/-3571/41*++6769/72/+,+++39*502+-+62*5715/*724082*/357141//676972,True
476*392*-4888/28*-42+9389*+292*+6049*54/+,++++--*476*392*/48882842*9389*292/*604954,True
296931*94/57*93/99*72+56+55-435250*999/+--+,+29--++*/*/*693194579399725655*43+*5250/999,False
423963*44+159*-1032/79*+*27*97-380-40++27+,++-**42+-+*396344*159*/1032792797+-3804027,True
6213-2343/16*43*25*1*-759/-52*22-30-52-25+,+---*---6213****/23431643251/7595222305225,True
972539+-698*-6+5781*68/-53865299914*+*---,--+--97+2539*6986/*578168-53-86*36+99*914,False
6527/77+78+16+21-35+85-56+907/84/34-6389*--,-+-+-+++/652777781621358556--//907846*6389,False
6035/248650/+60+15+67-518/76+49+85/88*5*+-,-/6035+-+++24/8650601567**/++/518764985885,False
8979-9463764017/-672686/19-39-9864*97/+*+*-+,+-8979-94*63+-76/4017*67+--/26861939/*986497,True
19444691*7669*523647/+71483*++418/-90+*--*,*80-44-*4691**7669+-++52/3647+7*1483/41890,False
8656+85-40+6140*96*+9484/40*30*74*43*42/-62+,+-++-+86568540**614096/****/9484403074434262,True
2565+77+452/16/-1818/-66848/+476/7/-20/+,+--++256577//45216/1818/-+6/6848//476720,True
8692-377927/74*88+*-5140*-29-63+9184/-3752/+,+-+----8692*37+*/79277488*51402963/9184/3752,True
537/444774*32+6-*2/29/-36+75-5657/1167**+,+-+-/537//*44-+*47743262293675*/5657*1167,True
3181/4414/53/9/41*+909669*34+/20*+1394/4*+,+++/3181*///441453941*/90+*96693420*/13944,True
46539648*24/5*-39838655/+2858*+/68*7432*--+,+46--53*/*9648245-*/39++83/8655*285868*7432,False
755754/31-6667--1915344*46/-72-*96*+34+39++,+75+++--/575431-6667**19--15/*3444672963439,True
53687*34*30/65/89++90+77+94-79-446843/6*+-,---+++53+//**6873430657590779479+44*/68436,False
5370*45-64-53-21+64-878217-4368*8232*11/--*+,+-+---*53704564532164*87--8217-*4368/*823211,True
456/5+31+38439+68*1/90/58/+4952858/+*+-,-++/456531++38///*+4686819058*49+52/858,False
6997/62-90-531149+/60/77/68/48/97/-65+91-48+,+-+---/69976290//////53+11496077685097659148,False
3525/54*30/896/62/60*9*-5768/82/57/4919/--,--/*/35255430**//89662609-///57688257/4919,True
93*98/80*94*681458/-86++77+7295*80-25/43*-,-++**/*93988094+-68/38588677*/-*7295802543,False
5497/62/6025*86/79*45*47/-94-8479/24797/+*-,---//549762/**/*60258679454794*/8479+24/797,True
7974+9320*-922179+81+8218*75/+2436/+*6*36*-,--+7974*9320***92++++217181/*821875/2436636,False
632638/-7639*10/98*+368883444/96--5633*+/*-,-+-63/2638*/*76391098*36/88+-83-/44496*5633,True
9430-7048+27+-6143/77*+45+2567*+4119/37/-93+,+-+++--9430++704827*/61437745*2567//41193793,True
348823-1634++94-82+97/-78616120*-1564*-58-/-,--34/+-+-8823+1634948297/78---61*6144*156458,False
18664295*-/26-87+80448465/3457*99*70/99-+*/-,-+-/18-66*42952687/86*44+/8465-/**3457997099,False
913161-6897*14*+7156/9443+12+1891-31+20/-/+-,-91++-3161**689714//7156-++944312/+-18913120,True
5313*2+360*-89+966*+75-1998*+3654/26*+48-,-++-++-+*53132*36089*96675*1998*/50542648,False
7920/20+81+6728/13*+6727/+4+79-6987-6098/+-,--+++++/79202081*/672813/6727479+-6987/6098,True
44919/2/-74-766376*-11+749042/+*78/5333-/-,---44//919264//*+-76*637611+74/904278-5333,False
8020-3797/81*+5795*6/+1272*2269+487422*++*+,+++-8020*/379781/*57956**1272++2269+48*7422,True
8883/433/7894/97+9834/6541*90*42*+9-+/*-,-/8883*/433/78++/9497-+/9834***934190429,False
171437*7*62*82*86/+25336374+8+1439*-17+/--,-+17/****14377628286-25/33+-++63748*143917,True
901+84-8529/50*20/+947*917*323530*+58+-/-,-+-+90184/*/85295020/*947-*917++32*353058,False
2721+14-6758*48*+6473*41/4113+7199*81*13/-*-,-+-+272114**395848*/*647341-+4113/**71998113,False
71149928/36*49*+96-*23+17-6-56+7345-91-88+-,-+--+*71-+14**/99283649962317656+--73459188,False
3235*667+11-14756725-38/+57-1-2092*67/+/-+,+*3235--+66711/14+--+75//672538571/*209267,False
2788+9037+99-3251*-49-2433/+5185*-64+/37*39-,-*/+2788+-+---+903799*325149/2433*5185643739,True
2731-783*87*13*+31+95/3335*54*39/-6265-35+-,--/++-2731***78387133195/**33355439+*626535,False
513*51*90+1181/-5462/41/33/29*6137/15*84/*+,+-+**5135190/1181**///5462413329///61371584,False
2819/20*18*54/52*23-82637470288547*16+/+///+,+-*/**/28192018545223/82/63/74+70/28+*854716,True
378780**898810//33/34*-3890/11*2*+497276*-+,++-*37*8780*//89/88103334**/3890112-49*7276,True
6015-9569*83/11/-90+7-2874*-78+32854021/+*+,++--+--6015//*95698311537*287478*32+85/4021,False
63485846+753/-5225/28/67-86*-6++33-8050-+/,/63+-+48+--+5846/753*-//5225286786633-8050,True
8269+21-3539/49*92*15*68308419/-2992*-27-*++,+-+826921+***/3539499215*68---30/8419*299227,True
92*8*59*50*58-21-20-4628*30/-452/-11-41-,-------****92085950582120/*462830/4521141,False
9672*77+4+5+308544*11/+*38*2810*515084*/*+,+**+++*96727745+30/*85441138**2810/51*5084,True
7348/94*11/59*4232/84*14/-28-906959/48*/+22+,++--*/*/7348941125/*/4232841428/90*/69594822,False
606142+33*-90+633-9332*++16-67-25+519/-86-,--+--++-60*+61423355+-633*9332166725/51986,False
3178-99+30-6+458*-7182*22/-24975*61/9+/+,+--+-+-317899306*458/*718222/24+/*9750619,False
5131527+14+/89-4163*-/47-4655/67*+401783/*+,++-/5--/13++15271489*416347*/465567*40/1783,True
8261/87/81*1548/5739*87*95**55*+9924/46*7/+,++*//82618781**/1548***5739879555/*/9924467,True
2127*6+37439637/8345*98*382*+6043+24+*-+/-,-+*21276/37+43-/9637*+**834598*382++604324,True
5754-8190*83/78*-668*7056677*-34+*18*96+*-,---8154*/*81908378**668+**70+-5*6677341896,False
4885*3431+9-+26+720*85*94*-5076/95-7384*+-,--++*4885-+3431926**/7208594+-/507695*7384,False
833/22+7251/-8869*+28+1-5855/69-81+11-7-+,+-++-+/83322/7251*8869281--+-/585569811112,False
759687*94/-48+81+598641/167256+99/+-6037-+/+,+++-75/*9687944881/59+-/8641+16//725699-6037,False
734-957/+78/2296/30-3426/43/9**38++5348/-,-+/+-734/95778+--/229630*//342643938/5348,False
4141*91/13*5544/8634+//34+91+56-52-76-2568/-,----+++*/*41419113//5544+86343491565276/2568,False
9588/33/18-4615*+202/+37532/5930*836-*-/-,-++-//95883318*4615/202/37-/532**5930-836,True
2740/67*95*2333*95/+549*+6497*+5-6462/+25-,-+-+++***27406795/*233395*549*64975/646225,False
451398*65/+50+4259*31/-565333*47/+696/69-*+,+-++45/*13986550/*425931*+56/*533347-/69669,True
7314+43+60+17-82+35+1535/37/37/67+43+91/-41+,+-++-+++73144360178235/++///1535373767439141,True
702153/44*+4+49-59+12+918/68/-88+37-16-53-,---+-++-++70*/2153444495912//9186888371653,False
8884-8-313/+822614-*-986-16-62-88+57*82/-,--+--88848/313*82-2614/*+---9861662885782,True
5780+67+494/13*2*92*40/-93-1+6-2750/+40+,++-+--++578067/***/49413292409316/275040,True
844-59+9249*-13+86+24-2-5368*45/41/94*-+,++-84459---++-92*491386242*//*5368454194,True
9684+64*77+36+89+14412*+19*+2+9839*7/63/-,-+++++++968464773689*+1*4412192//*9839763,False
3232*4792*3223-595495*28*388-20-2+83+*--+-,-*3232**4792--3223-59***549528++--38820283,False
2145-71+60+74-5879*+7114/+83+5648/-12-7896*-,---+++-++-2145716074*5879/719383/564812*7896,False
6586/51*8628*+77233-71+8313388210//-58---/+,++*/658651*8628/77-+-23371-83--13/38/821058,True
844089/-2952/-6614*6/-20+5732*32/31--52-18-,---+---84/4089/2952/*6614620*/*573232315218,False
558164984445*-1114/29633992*8*9/8**-*+//+,+55/81/64+-98*4445*/1114-29*63*/**5892898,False
3971/87/514612-4369*+237/+20+779885/60-++*-,-//397187*51++++-4612*4369/23720+77-/988510,False
5131-239*+11-912982*-40440-*72/43*+13*12*-,--+-5131*23911**+-91*2982*/*40-44072431312,True
9090/64/7013*-502378/-62-2668063/6284/-//--,--//909064*7083---50/237862/2/66-/8063/6284,False
9043-85-75/-1868/50+68-52++1356*-16-16-96-,----+--9043/-8575+-+/1868506852/1356161696,False
8676-7359/4*-5097/+346048/23*92+/87+59/41/+,++--8676*/73594/5097//+/34+*/60482392875941,True
691252/-22-9893*96*-79-9328*34-6092*43/+37-+,+----69/125222**98939679-+-*932834/*60924337,True
9779/8040*2*+4392*+34+78+37+2881++6819/+41-,-+++++++/9779**80402*4392347837+2881/681941,True
467591*6440*34+33+/+93/11-993683/+315096+-++,+-++46/*7591++*644034339311++99/3683-31+5096,False
8427+25-4-4-8796*60*6*+1720*-30-18+87*+,++--+---+84272544***87966072*17203018*87,False
7088*5881*53*61/+60+94-93-4525/17/+6618*-84+,+-+--++*7088/**58815361609493//452517*661884,True
774755/48*-91-804/92/80/+585372+45+122-**-,-+--77*/47554891///8049280*58-++537245-122,False
369/68+1437*555+77-*46*-28-91+85-86+81-69+,+-+-+--+/36968***1437-+5557746287685868169,False
152110/33/32-62-6746/11/60/5727*+-55+315*--,-15-+---//2110333262+///67461160*572755*315,True
2017/10+46+29+54+597339-*49+14604+69*93-/++,+++++/201710462954++*59-733949/14-++6046993,False
719677*51*-5+3619/91/66*+667428*707/-95-*-,-++-71**9677515*//36199166*66--*7428/70795,True
9281-61-37-8153*63/16/-6+44+99-481760**9/+,+-++----92816137//*8153631664499/*48*17609,True
66729744+6410*76+428021/93/65/*67/-3064*++*+,+66*72++9744+-+*641076/*42///8021476567*3064,False
91954759*297-71*-*+52+97-1983/93+67-8587*-+,+-++91*95-*4759*-297715297--+/19839367*8587,True
53+8752*+2820*65/+2876/42/63*-83-90-79+93+,++---+++53*8752/*282065*//2876426383797993,False
1965-22-2645/-9327*99/+43+28-6032*-546159-*-,---++---196522/2645/*9327994328*6032*54-6159,True
3118-80+171765-42-946*+737232-44-/8/-/+86-,-++-311880/17-+--176542*946//73--723244886,True
201827/53+/8953+8848*-384+74-+16++2711*+31+,+++/20+/182753++-+8953*8848-+3847416*271131,True
6085/7366/13-15-7769*67*63/40/89--61-1714*++,+/6085+----/73391315-//**77696763408961*1714,False
2481/37554790/26/3156-37-338469*+76+3*----+,+/2481-37-55-//479026---315637*++33*8469763,True
9450*9952*-699335-48+6924/-38-/72*-5067*68--,---*9450*9952*/69--+-933548/69243872-*506768,True
4346/4838*-12983-5+71-2896*89+70+63-64++*-,--/4346*4838*1+-+-2983571+-++*289689706364,True
1652*79+7853132///49*-3030*+7365/+82-4466/+,+-++-+*165279*/7-85/313249*3030/736582/4466,False
9777/81*31/2297/+82-48+5688*24/34/39/-4137*+,+-+-+/*/97778131/22978248///*5688243439*4137,True
5265/30489+70-7606350+7450*+*9934/39/---*-,-/5265*30--+48970-7-*60++6350*7450//993439,True
79224/67*/80+2768/9071*12-3514*+8*-1711+--,-+/79*/2246780--/2768*+-*907112*35148+1711,True
1595-59-94+898767*+13347315+7335*9870-*--*++,++--15955994++89*9267*13-34-+7315**7335-9870,False
2633+1132*-2798*89*-22+6555*31/77*-76-52-27-,----+--+2633*1132**27988967*/*65553177765227,False
51725*42*-5584*63*-79-1421*+7764/+7198*29/-,-++---51**72542**55846379*1421/7764/*719829,True
215922*-27-4833/526/+12*-29+9316/+1358/94/-,-++---21*332227*+/4833/5261229/9316//135894,False
2427+348195/24295868*50-+2835*+8394/-10-*-/-,-+2427/34-/8195*24--++29**586850*2835/839410,False
229183/61851/8770/96+71802548158-/+/*-*/-*,*22-/9183/6*/1851-+/877096*71/80+25/48-158,True
5085/3010*7378/36+70-6482-896579/77/+42/++*-,-/5085**3010+-+/73783670+-6482/+89//65797742,True
13293/+4650/+321*66*49*+80+937261/77*58/*-,-++++13/293/4650***321664980*93/*/72617758,True
1544-94-241257/84/38/31-7899/+76+5391*-/*+,+--154494*24/12-++-///57843831/789976*5391,True
4812864/79/64/20/92/73*3621/47+3825/-30+*+/,/48+12**/////8647964209273+-+/362147/382530,True
5796+1398-80*-87+95-34936+97+1021*57/+76+*-,--+-+5796*-1398808795*3++++493697/*10215776,True
9270*1*3050/-2842*6/+2+48-98-32-98+436-+,++---++-**92701/3050/*284268148983298-436,False
797+2995/68/6/-637966**-7692+91*34/-31--,---+797///2995686*63*7966--+7692/*913431,True
9053*4/66*80-885244377140/7258/7782/-/++*--,--*/*905346680-88*52+44+37//7140-/7258/7782,True
518945*63/+52+3952/+2171*9/-13+20+9+93+40-,-++++-+++51/*89456352/3952/*21719132099340,True
75729/-9152/504656145394*44*-9131*+*60/-/*-,--75/729*/9152/50-46/*56+-14**539444*913160,True
207*92-9034+32+70-91383168*3/244*71//+-+-,--*20792+-++90343270-91+38//*31683/*24471,True
1540*33672329//+9938-90/64/48*48*71/95*++19-,-+*1540++33/67-2329*/**//-993890644848719519,False
658+6095/14*58/56/+67-80-95-3879/2187*/+18-,-+---++658//*/609514585667808//3879*218718,False
906042/-70657*7296*13-1-80--3533*76*+97+/+,+-90/6042/70++-*657---*729641180**35337697,False
2772*+6167/19+58+44-659+-1593*1*74/*27++,++2*772++--++/6167195844+659/**159317427,False
274013/9359/+981170*-9289/+1-4333-83-+21+++,+67++/4013/9359++-+-98*1170/92891--43338321,False
52/25/45/5364/+63273+/7790*+79/9/-87-67+,+--+///522545/5364//+/63+273*77907998767,True
71898059*67/*-4788/90/435921-/82+2167/-53+/+,+-71*89/*805967///478890+-+/43-592182/216753,True
3668+30178*-1+936*349764*69*7168*24-*+/+-,-+3668++-30*1781/*936+34***976469-*716824,False
875172/6777/+83+8743*+34*-30+55-2879/74*81*+,+-+-87*+++/5172/677783*8743503055**/28797481,False
69576*85/+3491/21/78*283994*-5468-85/64*+++,++69/*57685+*//34912178+-28*3994*//54688564,False
2225/98/68+66+899153*+25-65/+43-7643/3185-*-,--+++//2225986866/-+89*9153256543*/7643-3185,True
272784/957*1237/17*86*37*18*60*34/1980/++--,-27-+2784+*957+/*****/1237178637186034/1980,False
915*84+3-98+26-42-199394++35+62-34/53/+52-,-+--+-+*915843982642//-++19+93943562345352,True
6143-27+7791/7*8467*--47-84-3736/91*+41-64-,--+---+-614327-*/77917*84674784*/3736914164,True
97567/+25+34854/*3423-1234*-1911*99/-58-/-,-++9/756725/*34/854----3423*1234/*19119958,True
46155*-78+3744*72/-8980/-74+39-86-9224/+87-,-+--+--+-46*15578/*374472/8980743986/922487,True
6562+7691*15*-311/7/-648927843*25*+97+/*-,---+6562**769115//3117*64/89++27**8438297,False
1134+13+9962/80*32*+41+95+5572*-76-688591*-+,+-++++++113413**/996280324195*557276-68*8591,False
9064689*+23+228538/8230-10+891336+20+/-+/-/,/90-++64*68923/22+/8538-+-82308/89++133620,False
9787/406643*1137*+8038/-70+/83*+4018+98-63*-,-+/1987*/40+-+*6643*1137/80387083*-+40189863,False
1540/65-774*+4595-16+-95-95-6531/27/43*99/+,+---+-/154065*774+-4595169595/*//6531274399,True
9166*14*1424+67-7957*79-+84+14*-3480/91*87*+,+-**916614*++-+142467-*7957798414**/34809187,True
284080/23*-40502*1448/+/+89-3651/40/+31-96-,--+-+-28*/408023/15+*502/144889//3651403196,False
2311/90-5365*1534*94/+1095*-37-45+6659/-3-+,+-/231190--+--+*5365/*153494*10953745/66593,True
41357/47*19476/36*+91+*-95+16+8264/+6764*+,++++-41**/35747++19*/47636919510/8264*6764,False
868/58-16444/16*96/8+6-*15*-99-4171/+47+,++---/86858**16-+/*/4441696861599/417147,True
87999184/--705099/63-5648*+*74788662*93*/**+,+-87-99/9184**70+-/509963*5648*74/78**866293,True
8619/84/2137/87/25-23*94*21*-7937/-8996*+47+,++--//861984***-//21371025239421/7937*899647,False
5517/56-18-92+554*92*-6858/+8810*16*+48-61+,+-++-+--/5517561892**55492/6858**8810164861,True
866660*527356*38/66*-*+27+4449/+91-3953-89++,+-+++86**6660-52*/*7356386627/444991+-395389,True
569+42+6566/-6731/96*-8220*-8-72-8+8036/+,++-----++56942/6566*/673196*82208728/8037,False
551*1233/77/+3696/34*+42-5663/82/6130/14*/-,--++*551//123377*/36963442///566382*/613014,True
855875/75/+372636+144+631930/66853-*+*++--,-+85//587575-37++2636++144*63+/1930*6-6853,True
936156*+9760*98-76-43-50+5271/+69-88-+84+47-,-+++93*6156---+---*976098764350/527169888447,False
963670*+20+91+3219/+9345*+4069-53987739/-/--,-+++++96*36702091/3219*9345--4069/53-98/7739,True
7655*68*417849/57+61+*43/*72/67+9441/-6293/+,+-+/***765568/*41++/78495761437267/9441/6293,True
125096*69*3*82/94*23/4535/40/67+68-5321/-/+,+12//*/*/*5096693829423--+//4535406768/5321,False
2065+15+23+70-308565+*518-70-/+12+427231/-+,+++-+++2065152370/*30+8565--5187012-42/7231,True
9411-8378*25/-31-3635/-51-605694+44+/-51+74+,++------9411/*83782531/363551/60++5694445174,True
5388*25*37+595165*48789453*+68+927+-23+/+++,++**53882537+59+*5165/48+-++78*943368+92723,False
3131*49*70/54/82-79-3016/-7165/8/+3575/-32+,+-+---//**31314970548279/3016//71658/357532,False
142576*21/47*+127487*74-*29/727/50*+8832-+-,-+14*/*25762147++/*12-*7487629*/72750-8832,False
8953/2386--59568-52-19+21+96-764393/2*/-/+,+-/8953/2386/59--++--56852192196/76*/43932,False
7748/67/91*32*524+31/58*8533/*-97-38-36+55-,-+---**//7748679132**/+5243158/853397383655,True
653793/-61897686/19/+/77*+9357*70*77-62/47*-,-+-65/3793*/61+89//76861977*//**935770776247,False
2317+2611/62/+24+9519/2/13*-10-9114/52/+3-,-+--+++2317//26116224*//951921310//9114523,True
2686*3030*45-94-/85/79*76*29/48*22/32-872*-,--/*/**//*2686--*3030459485797629482232*872,True
611258-2170*80/85639271/-324*96/74/89*--/-/,*61--1258//*217080-85--63/9271*//*324967489,False
9660/93-86-91+7533*24*5--4+4032+9412/*+60-,-++-+--/9660938691-**75332454*+4032/941260,True
669*89864444+*48+62/+-7556/-17++47-86+97-,-+-+-*669+89/+*86+44444862+-75/5617478697,True
5640*93+12-85-3+1279+83/-21-42-9-664228*/+,+----+--+*56409312853//12798321429/66*4228,False
65943/+89-3938/66*57*15*72/57-1591/+19*-75+,+--+6/594353*+-/***/39386657157257/15911975,False
5387*82*792/60*92/+7193*95*82/+17+39-136/+,+-+++**538782/*/7926092/**719395821739/136,True
9443-37+1236*92-63/80/+275/97-9759/84*+29-+,+++-944337///*1236926380-+-/27597*/97598429,False
598+1345/70*-2671*+41-70-814868/+93++7795*-,-+--+-+598*/134570*26714170++81/486893*7795,True
7448*80/45/94*98+4665-+61-9896*66/+8873/29/-,-+-++*//*744880459498-466561/*989666//887329,True
2757/7028/+61-50-9068/+83-56+2240/+7156+62--,-++-+--+/2757/70286150/90688356/2240-+715662,True
1298*21+87-9277/+194713/10/32/80/+5916*84*++,++-+*12982187/9277++19////4713103280**591684,True
8361-78+4987/+9196/96/-9-39+8394+-82+9919*-,-+-+--++-836178/4987//919696939+839482*9919,True
46944/92+427*+2383/+*31-6524/17*-11+56-9+,+-+--*46+++/94492*427/238331*/65241711569,True
3860*2490*+305451/84/95/-95/7216-3411*52/-/-,-+*3860*2490//-30///6951849595--7216/*341152,False
3799/7/84/59/82*862879*9+79+*+16-571/63/-,--+*////37997845982*86++*287997916//57163,True
32772*+866/+69-6520/+230*+9522*-19-31+29+,++--++-++3*2772/86669/6520*230*9522193129,True
31914*44134/-28*+5012*-34494/26*525*-*++,+3+-+*1914*-44/13428*5012*3-*/449426*525,True
7274/622/+172/97*1123*161435/26-617+-*/*-,-+/7274/622**/17297/*1123*16--/143526+617,True
495555/43*51*-70-962991/89*9*3*82*23/22-*-,---49**/5555435170*96-/****/29918993822322,True
288980+*92*51+1340/+775/67*-346/-1218/+16+,++--++**28+89809251/1340*/20567/346/121816,False
34663/7566*20*+45+*86*5321-19+-36-8086*+50+,++--**34++/663**7566204586+-53211936*808650,True
781/1*99*20+3685*764379*63*92*32*54*90+/-+,++**/78119920-*3685/76+*****43796392325490,True
293213*27*+2458/-61-7922/-718/+6563-16/90*-,-+---+29**321327/245861/7922/7186*/-65631690,False
9394-35-7250/-3998/+9754*-59+93-50-29999/++,+--+-+---939435/7250/3998*5854599350+2/9999,False
8889/62-32-90+4941/+61+6556/63*+4184*99/4/+,+++++--/8889623290/494161*/655663//*4184994,False
24*13*76-58-4570/95/7866*+68+*3*-3182/-,----**24137658**//457095++7*866683/3182,True
61124/61*61-+5-6638/+1054*-16-583270-63-/-,---+-+6**/112461615/6638*105416/58--327063,False
979373/59/36/-4125*92*442971*+53-4091/72*-/-,--97///93735936/**412592--+44*297153*/409172,True
4493242/+915*86*-944/+6744/-34*+9277*1/-,-+44*-+-+9/3242**91586/944/674434/*92771,True
38614797/+4460*19/85*82-57*30*-4338/13*85*--,-38--+61/4797****/*44601985825730**/43381385,False
328270*-279*-72+38-88-60-5234+90++3611*54/-,-+---+--32*8270*27972388860++523490/*361154,True
321/85-5778/+31-2889568/7*4425/94+55-*/*-,--+-/32185/577831*2/88**/95687-+/44259468,False
6657*5683/+1612*78*-54-3985106111+62+*+84-*+,+--+*6657/5683**16127854*39-+85*10-+61116284,False
571729181*44-*31*3510*95*+736425**36/+32--*,*57-1-++**72-*91814431**351095/*73*64253632,True
9988+21+3131*22/+8920*56-19*43/+82-57-1016--,---++++998821/*313122/*-*89205619438257-1016,True
9276468+298366/1*51**71-9334/-29-60+12--/-,-92/76-+468-+---*29**/836615171/9334296012,True
321758/28+736*447453+/5*/49/-4937*68/15/--,-32--+/175828//*736*/44+7453549//*49376815,True
977+4-19-1453*-17-16-9086*20/-2524-55-+4+,++------+977419*14531716/*908620--2524554,True
239935*3860*6171++8+2898+4468*47*-6344/-/+/,/23+*9935/++*3860/61718--+2898**446847/6344,False
8251+32-6477/36*+7440*-30+58+8412-89+482/+-,-++-+-+825132*/647736*74403058++-841289/482,True
9688*33/65/89472*-806267-/+63-4995/42/-17+*,*//*96313365+--+-89*472/80-626763//49954217,False
1556+65903++8435/35+40++70-6851+1943/+88-+-,-+1556+-++65*903++/8435354070-++6851/194388,False
346047/63/71/52+35+377818/+94+313*+57-/-+,+34-++///604763715235/3-+++7/781894*31357,True
2992-7441/44*+29-852*-4021/+69772*-9882+-+,++--+-2992*/6414429*852/4021--69*772+9882,False
29772*+62-987*9847*1392*/3013*-337/+52+/+,+--2*977262/*987++-/*9847*1392*3013/33752,False
531243*17/+96/31*90-2721/+4695*25+77--25-41+,+--+-*/+53/*124317963190/2721-+*469525772541,True
715288/3876/19*6133/58/26/+39+*+62-2689*-27+,+--+71*/5288++*/387619///613358263962*268927,False
1386+14-525555*82+7054+898557*96+15*+/+-/+,+-+138614/52-+*555582++7054/89-+*855796*15,False
231039*-50+2939*3822/19-85+3170/+14137/--*+,++-23*103950**2939-++//38221985/3170-1/4137,False
4471-785/+71+59+657*-2677*-82-1764*95/+76+,++---+++-4471/7857159*657*267782/*17649576,True
2481+24681184*-1468/+*75*-58246916164/+/+*+,+-+2481/*24+-68*1184/146875*58+24/6+91/6164,False
2516+1+954*31*24/-63+375*60*24*13/+70/59+,++++-++25161/**954312463/***3756024137059,False
587144/+66*27+907*58/-13+8011*+8838*+24+38-,+++++-+*+58/71446627/*9075813*8011*88382438,False
1310*44/60/8838*1720-77*2*3/32/-85+6126/+-,-//*13104460++-*8838//**/172077233285/6126,False
4559*2749*-3+4570/-3936*+82-6458*-318529+*-,---+-+-*4559*27493/4570*393682*6458*31+8529,True
7878*98-7668*-89+25+748/24*68*15*-36+8747*-,-+-++--*787898*76688925***/74824681536*8747,True
2810/71/43+3075/-7742*6165/+34+11--40-5343-+,+---+//28107143/3075-++*7742/6165341140-5343,True
1981/19/62-913713*40*+9826-65-34-79+41-4-+-,--//19811962++91**371340--+---9826653479414,True
3344*61*17*51/98-47+2789*90/+2066*36/22/-45-,--++-/***33446117519847/*278990//*2066364845,False
395768/170*17*90/+*697031/-/71*826730-51-*+,+*/*39+/5768/**1701790-69/703171*82--673051,True
1921-84-9896/89*21*+229085*3541*1*60-38+/*-,-+--192184**/98968921*22/*9085--**354116038,False
9356/62+9498/-669/86*53*79/22*11/+64+9574/+,+++-+/935662/9498/*/*//669865379221164/9574,False
398514115-45/-/9631276*40/35+80+9-86--*++,+39+/85-1/-411545*96-31--++/*276403580986,True
5558-487/38*99*27102610*20*76*8/-1+3+/*-,--5558***/4873899/27++-10/***26102076813,True
9395/60-25-88-41+5964*+3898/-568297/+7456*++,+-++---/939560258841*5964/3819++56/8297*7456,False
6572*246*6658/-/17*20/24/849916+/35*58*-57+,+-//*/*3872-*246/6658172024**/84+9916355857,False
1723+18-526728*7377*+*51266710*+6735*+/11/++,--+172318+*52+*6728*7377//51++26*6710*673511,False
785769/7037*+6240*-95*+7525/+7475668276*-/*-,-++78*-+/5769*7037*624095/7525*74/75-66*8276,True
9677+52+5733*-5-794892*25*96/-7947//-7816*+,+---++967752*57335/-79/**48922596/7947*7816,False
8679-218*9*35/14*-6971/10/+71-70-493/-24-,----+--8679*/**21893514//6971107170/49324,True
437726+3637/-4736*+/66+2454/43*95*-93+28+71+,+++-+-43+-+7726/3637*473666**/24544395932871,False
2566*98*72+9/626+530/*83-*60+10-5469*+5-,-+-+*/+**256698729-++626/530836010*54695,False
5727*48/63/3249/1843*6349*7552*-84*-17-66-*+,+//*57274863*/3249---*1843*-*6349*7552841766,False
416187/53*85-6824/+*1929/+17+49-202*-93+2-,-+--++*41+-*/61875385/6824/19291749*202932,True
778+7264/59/89*-2215/8339/51*65/78/8275//*+,--+778*//72645989*/2215///*/8339516578/8275,False
90508233-63-57-149212/69977+8077/-/28--*+*+,+90*50+---82336357*90-/9212-/69-+977/807728,False
5192*45+92+85-49-38+66+66+4472*-415/716/+-,--+++--++*519245928549386677*4472+/415/716,False
14410/+485030/49+36-/+18-25+6999/93*+15+35+,++++-++1/4410/48-+/503049361825*/6999931535,True
849563/-14559963-21+/98*38*93/9/+5898/32*-*,*-84/9563-+14//**/55+-9963219838939*/589832,True
9685/7/11/9217/-83+88-2670*-15+2710*25/56-+,++--+-///9685711/92178388*267015-/*27102556,True
7627*71/5034*-3361*88*94804915/6119/-*56*+*+,+-/*762771*5034***336188+94**80-/4915/611956,True
7034+9564+5881*87*12+71+4663/+5+2+419/-/+,++7034/+9564-+++++**5881871271/466352/419,True
7635-6-15+9523/+69+8255*-694-19-1711/+36+-,--+++--7635615/952369*8255++--69419/171136,True
283627*65354*52*+493464*6*15*7314/-21-/--/,/28-*3627-+65**35452/49--***3464615/731421,True
1461-39-8488*54/*14265286*9*8655/91/+*76/*+,+---146139/*848854*14/*26+**52869//86559176,False
804679*7175*/48/803963/8768*68*+41-/+77-60-/,/80--+//*4679*717548/80-+/3963**876868417760,True
9098-80+24-348/59/36/74*20*-54-3274-4886*+-,----++90988024**///3485936742054+-3274*4886,False
5163+1757/35/-2658*+8762/52/-3942636/85***+,+-+-+5163//175735*2658//876252*39*42*/63685,True
7435*7199-/41*59*785/93/+6-28+63+30-7261*-,--++-+**/*7435-71994159//785936286330*7261,False
81943175*67+13+2670/5628*14417*25/82-+/-+*+,+81*94+++*31756713-/2670/*5628+14-/*4172582,True
4014*76/2486*327+24-/-5021*78/-772825/+96-+,+--/*401476/*2486-+32724/*502178-+77/282596,True
8440+476487*14/75+*+21+424745*90*78/359/-/-,-+++8440*47+/*6487957521/42-/**47459078/359,False
8946-2+43+67-506458/+4798/5012*7/-9757*+-+,+-++-894624367-+50/6458+-/4798/*50127*9757,True
10549380*10*62*2963-46*-14-58-*96+14+4965*+/,/10+++*54---***93801062*-29634614589614*4965,True
135*7572*-86+9953/-9887-1831*94/85*-8763/-+,+-+-*135*757286/9953--+9887*/*18319485/8763,False
9596/10*72*72*989*65*6130/6823/19-30*+75-*/,/**//9596107272***98965-+/6130*-/6823193075,False
1841-68-403057*62*4622*34*89*-*-7835-54-73-+,+---184168*40-**305762***46223489---78355473,False
1281-672/+20+15+73-78+4133/46*+57332/34/*+,+++-+++-1281/67220157378*/413346*57//33234,True
575+88+9899/7+34+-6114/82/+97+2841*29*+25-,-+++-++57588++/989971//61148297**28412925,False
917*56+6254*/683*395216*+/98/47*40*35*96*-,-/+*91756*6254****//*683+39*5216984740355,False
2534+2065*42267083/77*656*88969/36*-/+-+*-,-+2534**2065+42-26+*/708377/*656-8*/896936,True
4751/90-21+4153*31/-999481/21/+-20+83+10-99+,+-++--+-/47199021/*415331+99//94812120831099,False
175688/58-13/+959770-20-+6276*56-9225*53++--,-+17///56885813-+95--977020+-*627656+*922553,False
3391*9918/-94+4971299312*96/+50+19+1984*++-+,++-*3391/991894-49+71++++29/*9312965019*1984,True
7049-966+976244/-21-9+7385/93/29++60-*+52-,-+-7049*/966-++--97/6244219+//738593296052,False
7726*5623/+8131*61*5612+*+7177*1220/22*/34/+,+++*7726/8123***813161+5612//*7177*/12202234,False
8892*60/3587*/31-73-2112/45/+30+9360*54*+9-,-+++--//*889260*35873173//21124530**9360549,True
1452/80/55*701/-4940/712375*94/-*6240//+43+,++-*//14528055/701/*/4940-71/*237594/624043,False
1723+928973*/-63+4223*347631-4333/+7440/+/+-,-+-+1723/92*897363+*4223*34++-7631/4333/7440,False
613-3164*2220/27-15+63-52*-5/90/+95+3+32+,+-++-613//-*3164*-+-/22202715635259095332,False
413*65/1987/+3664*+6412*96*+52-50+77+80+44+,++++-+++/*41365/1987*3664**6412965250778044,False
235622*+47-57+6-77-17-1631-487072+*20+26+--,----+-+23*5622475767717--1631++*48+70722026,True
6831+31-98+5940*+1088-82-+3937/+4*98-95-64+,+--*++++-+68313198*5940--108882/39374989581,False
16892582-13+1746*106224-/-18++1922/76*-38-//,/16/89--++-258213+-*1746/10-622418*/19227638,True
9331/71*7751/-47-32-492364*/+106015/+59/+57-,-++---*/933171/77514732/49*2364/+10/60155957,True
309545*69*+832164-9161*1458/+641589/-+14+-*-,-+30**954569*83--2164+++*9161/1458-64/158996,False
85709*+95+83+94+279815/1/68/+3737//9680/+-,-++++85*709958394+++27///9815168/3737/9680,False
2312-20+48-40-297598*48*74*94-/19*-321251*/-,----+-2312204840*/29-***759848749419/32*1251,True
366525+78-88-91-52+69686*68*4848*55/12+//-+,+36-+---+652578889152/69/**68668+/*48485594,False
683534*91/43/39*52/+3914/46/57-65*71/+11-35+,+-++68/*//*753491433952/*-//3914465765711135,False
229192/30/7943*2165+*5+49-1212/21+27+-/*-,-2*29///19230--+**7943+2165549++/12122127,False
663930231286/+5010*18*43*-948668*68/41*+-*-*,*66-39*30--+23/1286***50101843+94*/*4686841,False
59723152/94*71+32+*5*+389*83986*51*33*+/+,++59**72++*/31529471325/*389+8***39865133,True
588/14*258872/*2855/77-*-83+854*-4568/-14-,---+-*/58814**25/8872-/28557783*854/456814,True
214692/-85+6137*89/-48439*89/29/28/2728***-,--+-21/469285/*613789*48*///*439892928*2728,True
3170+7747/-8049/90/+23+68+33+9169/10*82*74**,+++++-+3170/7747//804990236833***/9169108274,False
36507425/62*-70++42-1-97-11-81+53177//45/-,-+----+36+-50*/74256270421971181//5/317745,True
7188+7378+51+8683+88+6019*18*-89+6073*-48+/-,-+7188/++737851+-+-++868388**60198789*607348,False
2458/94+19/55/19*96*324*82*56*-11-27+74+2+,+++--**//+/24109419551996***32482561127742,False
5263*81*87+52-7740/-65+267+61/+6497/+668*-,-+++--+**5263818752/774065/+269561/6497*668,False
92869666/90+4*-34-213*91/+82+36+674*31*+-,-92++++--86*+/9666904534/*213918236**67431,False
7733+56+14-18/67+47956875*82*21*-9833/+89+/-,-+/-++773356141867/47++-95***68758221/983389,True
7267/36/4251+-4366*75*5*8375*-797/4264/+++,+-//726736+4251+-***4366505*8375+/797/4264,False
1172*48/26*1845/-63698-275829526*28-//++++,+-*/*11724826/1845+6+-3698+27/58/29-*52628,True
1487*16*8358/*55/26*4596/+9-14-351415*29*/+,+--+*/***148716/83585585/4596914/35**141529,False
866*59+564998/-27+82/4268*6531*-6771*7/+*+,++*86659*/+-56/49982782+-*4268*6531/*67717,True
156*4236/45*19*98/82*+194559*+1841**-75-9-,---+*9956*/**/423645199882*+19*4559*1841759,False
4887-43-65+8667*-837*-3732*+5867/+13+47+88+,+++++--+--48874365*8667*837*3732/5867134788,True
4710-12+2870*62+241/+57-73883421/87*21**--+,++-471012--++*287062/24157-73*88**/34218721,True
7578/70/6722*/6056*13/6114/-95-609/23+68/+/,////757870*6722+--/*605613/611495/*/6092368,False
6819/75/9870-2882*+/21/5888*73/38/72*35*+16+,++////681975+-9870*288221**//*58887399723516,False
740+169914*7325/+*4*-96+8668+37/+6154*+78+,++++-+740**16+*9914/7325496/+866837*615478,True
7252+40+99-234369+6240/11*-54248*88/-13++*+,+-++72524099*23+-+4369*/624011+-5/*42488813,True
8134+4-2746704/50*9757*35//14/4*59*46*-/+,+-+81344/27-46***//*/70450/*9757351445946,True
8352*79/20*82*8748/121646/72/2*-/98*11*37-+,+**/*8352792082-**//8748-12*//1646722981137,True
874617*38/42*41*+99+78+8568898*+5-5926/+/-,-+++87**/*46173842419978/85+-+68*8985/5926,False
5426/53/7043/583*+49+5417/+616493*8/53*/-+,+//542653-+++/7043*58349/5417/61*/*6493853,True
4322/88/29*76796183*49/44+/274413*+649*+/*+,+*//43228829*76//79+/*61834944++27*4413*678,False
499048/+3273*36*20+40+777/+-2820*48/+742*+,++-+49/9048+++**3273362040/777/*282048*2642,False
98862*19/8769/58*14*37/58*84/96*53+88-/44/+,+98///*86219-+*/*/**/8769581437588496538844,True
5620*90519743/-3485/65-546221+87*83+48+*-/+/,/*5620+90/-51/9743--/348565*54++*/6221878348,False
34194/96/41/14046/2411*/84/-/24*45275+***,*34**////1949641-1///4046*24118424*45+275,True
5020/55/38*51*66*27/79/21*17/59*84*17*4850/+,+***/*//***//50205538516627792117598417/4850,True
3233/89/52/5*2*907*-5-8245/+59239698/+/-,-+--**///3233285252*9075/8245/59+23/9698,False
3474/9097/10*-1227*-597/+3856*-1332*9147//-,--+--/3474*/909710*1227/597*8856/*1332/9147,False
41625/53*44/+6646/96/6469*47/42/8824/15/*/+,++41/*/6255344///664696*//*64694742//882415,True
4032/20/98*7537/23*73/89/2482+57-4944/+12-/-,-*//40322098///*/7537237389-+-+248257/494412,True
6050+40-48+3938+782*-93+5476*--50-8536*1/+,+--+-+60504048-+-+3938*78293*547650/*85361,True
5034-40-33658339/+19+4390*30/+13+713780*++/-,---503440/33+++++46/833919/*43903013+71*3780,False
5055+83-97-22-68-77-607316+/5*37*54*-83-37-,--------+50558397226877***/60+7316537548337,False
8834/18/36/30+4419/98*+4795/+9753*10*+8782/-,-++++///8834183630*/441998/4795**975310/8782,True
3163*5679*-28+54-59393*53*+12*+89+78+62-54-,--+++-+-*3163*56792854*+59**393531289786254,True
622859/22*41*+6475*92*65/+1533*562845+70++/-,-++62**/28592241/**64759265/*1533+56++284529,False
826+8-629533*37/67/1840/-5-45+8158/97*-/+,+-+8268/62-+--//*95333767/1840545*/815897,True
871338/+639-7/22/32*97/76/-8166159165*+*/+,+-+87/1338//*//-639722329776/81*66+15*9165,True
99458/561299/-98-233878+/7092*87/61-40+*+/-,-99//458+--56/129998*/23+3878+-/*7092876140,True
2410+30-76692/11*/-38-94+12-395*55*65/-46-,---+---+241030/76*/69211389412/**395556546,True
9869/84/1310+32+/12/67+4718+9139/24/-48/+87+,+++////986984++1310321267/-+4718//9139244887,True
4322*4376++22532**90*+7+62+317919+6055-+*+,+++++*4322+4376**2*253290762*31++7919-6055,True
223231*83-3175/-*6747*67*4354/+64-29+2524/*+,+*22--*323183/3175*+-+**674767/43546429/2524,True
3160/351069-662171/35/50**-3335*77*+58-66+/-,-/3160/35+-+--1069*66*//21713550**3335775866,True
199834*+86+68+23/7-59+551/+28+725855*-36*+,++++--+++19*9834866823759/55128*-72*585536,False
8148/599*5/72/+627233/-/72*626*-2922/-71+,+--*/+/8148//*599572-62/723372*626/292271,True
52947/14/-4354/+3926*-66-9+9042/4973*/71+-,-+--+-5//294714/4354*3926669///9042*497371,False
4114*59+17+3313/86/8*+24-5531/-1239+2696--+,+--+++*41145917*//331386824/5531-+1239-2696,True
222*5291/76/-18*80+51-1219/+2739*-9674*21/-,--+-+*-*222//529176188051/1219*2739/*967421,True
806926*6699-+5432/94*+29/60518-*60-*-1163/+,+-80*/++*6926-6699*/54329429-*60*51860/1163,False
869898/-4852/39/9768*61*64*/+733-1*+39+69+,++++-86/9898///485239***97686164*-73313969,True
8750-59/12+697561/71+8684*+*12*-7867/14/-13+,+--+/-87505912**69++/756171*868412//78671413,True
404436/10/6249/*16*-32398259/71654/-50+/-*+,+-40**//44361/624916*32-39//8259+-7/165450,False
6813*10-98+8-70-1-9245/31*93/4333-/+49-28-,--+---+-*681310988701//*/92453193-43334928,True
389*76*44*65/21+1882*-4630*87*70/+98/2621/-,--+-+/***38976446521*1882/**4630877098/2621,False
5986/37*8575/-81-36/3951*61/75/64/185756-//+,++--*/598637/85758136////*3951617564/18-5756,False
9262*7863*92/935+*389041+7143/-85/+40-*+45+,++*9262**/*786392+935-+38/-+9041/7143854045,True
2917*34*76/92/52*2177*65*97237*2834*9/-/--,-+//**291734769252-**217765/97-*237/*28349,False
848578*30/-6062*16/58*82/98/-8586/78/26*+8+,++--84/*857830//*/*606216588298*//858678268,True
882+12+9-61-81-7435*+1295/+5950*-4421*40*-,--++---++88212976181*7435/1295*5950**442140,False
296-26+3822++18825*5234/76*98*65-53+22--/+,+++-29626+3822/18-*825-+-**/52348798655322,False
854773*81/+22+17+42-5469*8522-*10-441151/-+-,--+++32/*477381221742+-**5469-852210-44/1151,False
11847*/1117/42/58/-23-96+4351*1*-38+74-38+,+-+-+--/1*1847///111742582396**43511387438,True
7143170/41*9334/44/87/+*-3857*+4858*-88+99+,++-+-71*4+*/317041///93344487*3857*48588899,True
782930+26-87+80-8*-48+5041129-33+91+33-**-,-+-78*-+-+2930268780848*50*41-++-129339133,True
8325/14/2365*-23-14+3156*15/13/-5+611/3*+,++-+--//832514*23652314//*315615135*/6113,False
879093638*874085/-8799/+14-37+3281*+23-*-/-,-87/90-30**638-++-+-87/4085/87991437*328123,False
1535*27/13+954+9795*20/-+142+-2252/+85+84-,-++-++/*15352713-+954/*979520+142/22528584,False
956326*54/3+501/5/41/55*40*-+568283/*2*-,-+95-+/*6326543**///5015415540**56/82832,True
6279*71/871*5*79/3347*44*22/69/93*-+93+39+,+++/*627971-/**871579*//**3347442269479339,False
8730*974/+31-17+8739+152*+12+30-+5020*-14-,--++-+*8730/9743117-+++8739*79521230*502014,False
634-6020*-48+9582*3*+88408234+4995/25/-/-+,+++--634*602048**95823-88/40-+8234//499525,True
5387*4083*-1992*60*+73-10-10+27-71+35-42+26-,-+-+-+--+-*5387*4083**1992607310102771354226,True
208294325/-*158*+12-/9237/4626+8284*+7-*-,-/20-+*82-94/325*15812*/9237-++4626*82847,True
1980/59*358774/+941660*88/91+26-10+8856*+/-+,+*/198059-+35/8774/94++-+/*166088912610*8856,True
489*20/38/24*8972/31+1/9*35*-15-50+4018*-,-+--*//*489203824**/*/89723119351550*4018,False
6039+2518*7739/5445**13+2797*11*9*+*+48+45+,++++6039**2518++-/7739*544513***27971194845,False
103484*-62+1193*+494/4976*477/60*69+*70-/-,-++-10*348462*3293//494-**4976+*/477606970,False
9194/9521+2519-23***172054/78-2+*-8526*+43+,++-*/9194++9521*-251923*17+-/2054782*852643,False
862962/3413+29+/90*-7264/58*482*41-7412++*-,--86*//2962++34132990***726458+-*48241+7412,False
8398*98-22-5754-11*12/1393-/87/8*45/12*+19-,-+--*83989822*/*///*-57541133-1393878451219,False
559827/82*-695*3*+373274/-4114/14193**+--,-+-55*/62782**6953--37/3274+/4114*14*193,False
321426*+57-8-31-19+71-2737*+59-6611*61*31/+,+-+-+---+32*1426578311971*273759/**66116131,True
169*36/6267*-876311*75/*+72-28-60+991/85/+,++--+-/*16936*6267*87/*631175722860//99185,False
45841211294*4393+*42*-8+477946/80/96-*-*++,+45+84*12-+-11***294+4393428*47-//79468096,True
87321719969584-6276/21/-2016/83/-*24*-21-**+,+87*32*17--19**96---9584//627621//2016832421,True
1388/40*22-12-5769++71-14+4865/+24+38-8637*-,--+++-+--*/1388402212+57697114/48652438*8637,True
6544*80/41/56+5499/-68+879/9042/16-69*33+*-,-+-+//*6544804156/549968*/879+**/9042166933,False
8537*94*5692/41+29/-61222+*-42+4816*69/+59-,-++--**853794/+/56924129*6+122242/*48166959,True
781/48/32515693/56/-2527*47/2/65*1*-*91*+,+//78148**32--51//569356***/*252747265191,False
43971626/+16*-72-2036/23*+538321-5852/-+28+-,-+--43*+97/16261672*/203623++53--8321/585228,True
285612*88*5++4446*64/-27-3587*215753/56//*-,---+28/**5612885/*44466427**3587/21//575356,False
87354730/-3278/83*-9+2825212+-24-7-/+74+-,-87+++--35/4730*/3278839/28---25/21224774,False
30543*+6157/89+18*64*25/66*+51*22*76/+43-,-+++30*543*/**+/61578984642566/**51227643,False
750/195*22/-367867/+80-6958*+559413+*+69-+,+-/750/*19522-++-+36/786780*6958*55+941369,True
7187/2218*545787*67*+7177*-19219+/95*-44+/+,+/7187/*2218+--+54**578767*7177*/19+2199544,True
4482*51*-772853/-95+91+-18-8719*+1832*59/+,++---44**8251++-77/2853959118*8719/*183259,True
121623+8995/37/-45+7295*-70+78-38-94-88-+40+,++12----+-+-+1623+/89953745*7295707838948840,False
23414288*11/22+73127696/91/14+53+33*65*+*+/*,*23/41++/*42741122*73+12**++//76969114533365,False
656491441155*30/798/55*32+206145/-36++*+-/+,+65/64-91+44*/*115530++*/7985532+-20/114536,False
8881027/83/81/69+3522*+11-/-92+4923*28*78*+,++-8/88-++///1027198169*35221192***49232878,False
164383/-3166/-4470/683246/-8036/+579570*+-/+,+--16/4350/3166//4470-+-68/3246/8036+57*9570,False
327812*523154/-58-8937/81*+83+*+73-635190+/+,+-+32**7812-+--52/315458*/8937818373/63+5190,False
994*53/383*-67+70-43+684-63+42-3930/46/++,++-+-/*99453*383679043+-+-6846342//393046,False
8023-5095/-21-92+896263/81*-5655*98*-95+66--,-+---8023/50952192-+--89*/626381**5655989566,True
4032+92+6543/32/74/98/-7169/-851*-30+481*+,++---++403292////6543327498/7126*85130*481,False
5842-90-2250*3503477*87/2427/1*72/+54+-+/+,+--584290/*2250+3-50++/*347787/*/242717254,True
4539/83/65-20+51-37+32+10+5191*82*48849*/*-,-+++-+-//453983652051373210***519182+48*849,False
291/1469/15/*9565/91-1647/2165820+*95*-/-/,/*/285//146915--/956591//1647-2**16+582095,False
55364*20973*+67+-26+*73*4739*+15+28-7+62-,-+-++**55+-*364++20*973672673*47391528762,False
14*56/46*96+62-40+16-15*94229**84/9/43+-,-*-+-+*/*1456469614401615+//*9*422984943,False
4956+9611*+4810/-73-277/59/50*28/83/27/29/+,+--++4956*9611/481073////*//277595028832729,True
9625/7493*903875/7891*+723/48/18/+/66-*17/-,*/9625/**7493-/90++/3875*7891///72348186617,False
7791671234*17*14/-4682-421231-7589*+35+/+-/+,+77/91--67/**12341714+-4682/42++-1231*758935,True
665318*-214*+4498*95/56+-2519*2155*13+23-/+,+-+-66*5318*214*/*44989556/*2519-+*21551323,False
277/60/672157-6-31-5145*-3877/-51+2-11+*-,-//27760*67+-+-----2157631*5145/387751211,True
2332-865031-3767***11/87*-515997144*-/-45--,---2332*/*86+-5031*37671187--5/15-99*714445,False
2870/845*69*50*56/12/743236/605591/*+93*+/-,-/2870///***84569505612+74-+/3236*60/559193,False
575-9590/74*+42-88+69+28+69-32+1+88-2688*-,--++-+++-+-575*/959074428869286932188*2688,True
5288/12/354634814/1684/51/8956*24-93+*-*+*-,-//528812*3+54*63-/4814*//166251+-*89562493,False
2213-931136*1021*8416+83-+98*94/*+17+94/+61-,-+-2213/++93**1136/***1021-+8416839894179461,False
521-7221*3*/2842*+5182/84/3617-26-*56*+34-,-++/*521**72213*2842**//518284--3617265634,False
558/8294/-36/12*1262/974*74-1228*+/92**+,+-/558/8294**/3612*//1262+-*97474*122892,False
64626*+846*-5659/+63+9158/*42+6688*82*-16-,--++++-+64*626*846/565963/915842**66888216,False
9994/43-8847+7070/+-29+49+573/35*35*71*-22+,++++--/999443++8847/70702949***/57335357122,False
413+724472*28*6360+71*1*40/99/26+13-98++/-,-+413/72+**447228+-+//**/63607114099261398,False
8876/38*89*33+55+517*-92-94-37+2891*53/+90-,-++---++**/887638893355*517929437/*28915390,True
7118/54*51*54/89-9720/9855//70*9148-*+1-32-,--+-/**/711854515489**//9728/985570-9148132,False
9056*29*27+6479/12/69*47*4564-79+2877+83++/+,++**90562927/**//6479126947++-456479++287783,True
112498-6860/*-34-774*57*-61-499428-3234/+/+,+----11*-2498/686034**7745761/49+*9428/3234,False
1373*62/2113*74*+4688*23*4+61-6244/60/-+68-,-++/*77362**211374--+**468823461//62446068,False
4713+36+40+56+350/-50+1281/13*7/1234*56**+,++-++++4713364056/35050*/*/1281137**123456,True
9881*78*2652-11+42-92+*573434/*28/+8663-+78-,-++***988178+-+-2652114292/*57/343428-866378,True
5776/899/11/-164/-4469*22/56*+7771*+549+-,-++--/5776//89911/164*/*44692256*7771+549,True
8688*54+8723*38*-5888/87/83*-49-63+34-9+92+,++-+---+*868854**872338*//58888783496334992,True
8244*421-23-8031*+32--69-49/95*19*+90-75+,+-+--*8244-+--42123*80313269**/4995199075,True
199936/+54-9862/33/4568/6299*67991*+*+34-*-,--+19/803654*//986233-+/4568**6299+67*99134,False
627/85+225/8430-2667*-256742*57*57-12-/+/-,-+/62785//225+--8430*2667/25--**6742575712,True
8992/19/17*26*211*95/-7411/+35292/*+5268/-,-++-**//8992191726/*21195/7411*35/292/5268,True
8681/818*-67+8663943/88/+/66*-8856*-91+79-,-+--+-/8681*81867*/8+66//39438866*88569179,True
4039*3464*12**84*12+33-1853*+6011/+2753/43/-,-++-+***4039**346412841233*1853/6011//275343,True
4590*8267-7951*-52-169/-2633*+96+5*357+/-,-*4590/*++----8267*795152/169*2633965+357,True
4583/853*+18-3969++67+6075/-2126/-43-+18-,-+-+/4583*85318---++39+6967/6075/21264318,True
133107786/93/95/90*96-42+/79-2+6764/+30+/+,+1/33+++-/10+-*///77869395909642782/676430,False
349577/65*35/27/17*508302*545/56-63-+*-*-,-34**//*/957759352717-50*8+*302--/5455663,False
932440+*69-24-17-82+223/35877+653121+/+*-+,++---*93+244069241782-/223*35++877/65+3121,True
4238*626125+2466*+5831*+84+*46*7388/*5/57*-,-*4238*/***62++++6125*2466*58318446/7388557,True
365-64-64+9433/-2222/69/-53-58+3650*+59+22-,-+++---+--3656464/9433//2222695358*36505922,True
1225776/+60-67*+8358/289*+541558*30++*+-,-+12*-+25/7766067++/8358*289*54+32+*55830,False
1945+95-3262+3535+42+36-53/46*89/+7+-9096/-,---+194595+++3262/*/-++353542365346897/9096,False
73417*+7382/95/23*-7818*724*253*+44+48-*-,--+73*417*//73829585**7818-++*724*2534448,False
932917*+907169/27/577*42/2*+/30*5579+6+/-,-+93*2917/*/90+//716927*/*57742230++55796,False
57606711/67+22891552/-36-23+10145/4-+---/-,-57/60-+/671167-22-+--89/15523623+10-/1544,False
1930*62*9+1083*44/27*27*24-75/+91-3048*95*-,--++**1930629/-**/*1083442727247591**304895,True
9270/443678*93-8057++54+16-167*+/+426083+*-,-+/9270/44+-++-*367893+80575416*167*42+6083,True
6147+98211*57//+67+7451/+197*64*9729+90+-/,+++++6147/98/*2115767/7451-**19764++972990,False
70679*2866452/97/12*182288-9547/92*+/+*+*-,-70**679+28*6+*//64529712/18+-2288*/954792,True
435*7492353-*87+15-886053/72+26-9485+*--/-,-*435/74--+*92-3538715-88*-+/60537226+9485,True
9880-13328512/2*33*-/9977/6384/+/1039+36-/+,+-9880///13-32**/8512233+/9977/6384-+103936,True
106784/5839/63*-19504310*+4+34-9941/76/+/-*,*10--/6784*/583963/19+-++50*4310429//994176,False
57669*6257-/+86812681/-29-+821313*-/38/-91+,+-+57/*669-6257//*86--81/268129-82*13133891,False
967*88/7843+4-6353/-269*+5734/80*+93+57-/,//*96788-+++--+78434/6353*269*/5734809357,True
7580*22/7035*455-44-89-12633813-/+2793/--/+,+/*758022/*7035---+4554489-+12/63-3813/2793,False
12332752/96//-31723**-50+8399/-545077-8+*-,--+--12/33//275296*31*72350/8399*54+-50778,True
7120+722*30/79/+5323*+52+565998*/-6429/-32+,+--++++7120//*7223079*532352/56*5998/642932,True
7429*74-33-56-755837-/4951*64*66/+7237*+*-,---**7429743356*75++/58-37/**49516466*7237,False
53196666191/21*23*79/61*+-57+3-82+1217*-++,+53+1-+-+-96+66*/**/61912123796157382*1217,True
158952/*94-25+41-6493/72*92*-9+95-949074*/-,--+--+-*15/8952942541**/64937292995/94*9074,True
4370/788679/63//9476-5026/+7829*89*69-+/54/+,+/4370///78//867963++-9476/5026/**7829896954,False
83872290/-302816-23--4821*--10-23+/116194*//,//83+---87/2290--30--281623*48211023/11*6194,True
661150/7*47*-51-39+22-9495/82*98/71*45*24/+,+-+--66/*/1150747513922/**/*/94958298714524,False
5449/40*6151/+84-27-60-26691477/45-/9555+*/-,----+*/544940/6151842760/26*/69-/147725+9555,False
2215-68+254*1293/69/26*+5682/-/72-781*33/-,--/+-221568-+*254*//12936926/568272/*78133,True
689441/8584/5*2137/+103163/71*35+631/-/-*-,-68*/9441-+*/85845/2137/10-+*/31637135/631,True
1311-7223/86/-3689*27/-1223*53/727/++3551/-,-+---1311//722386/*368927+/*122353/727/3551,True
543625/55/97-20-9171*47*+81+8691/42*-2130/--,-54--++--//3625559720**91714781*/869142/2130,True
9641-8097*6531*-+1155*515470795444*52*///-/-,-+-9641-*8097*6531/*1155-51/54/70/79**544452,True
9836/54-214575+34-5867*51+23-65-4851/-92+-/-,--/983654/21--+457534+---+*5867512365/485192,True
513699/2776/+60-*488*4-1891*439027*+30-*-+,+*51-+/3678/277660--*4884**1891-+43*902730,False
219188-/65*80*52/5954-2848/3223/+5747*-/+/,//**/21-9188658052+-5954/2-+/848/3223*5747,True
2571*70+1+1179*+34/222+-8883/-3+39+9399*-,-++--/+++*2571701*117934+222/8883339*9399,True
6555-183629**+8869*+42+95-97-4731*-82784-++,+---+++-6555*18*3629*8869429597*4731+82-784,True
256987/-671+24-90-86-26+514665-89+*-9551/++,+-25/6987+-+---+67124908626*51+-466589/9551,True
2954/9781*7473-/+125/1930/*74*+16-4221*92/+,+-+-/2954/*9781-7473**/125/19307416/*422192,False
8840/63+141889*80/+99-96319*+2094*+84+81+--,-+/884063--+14/*18898099++++96*319*20948481,True
9011*49*7628-198213*+81/+1-31*63/80/7164-/-,-**901149///*-+-7628/+19*8213811316380-7164,True
263611/757522*46/-68-4251*75/23/+*+80+1353*+,+++26//3611+--75/*75224668//*4251752380*1353,False
4118/78/4732/59*+98-4+8932/-5276/+8070*68/+,++-+-+//411878*/473259984/8932/5276/*807068,True
6691*3280/-18+25+75+57-5484/-98-87-284/54/+,+----+++-*6691/328018257557/54849887//28454,True
7016/76*81-87-846098/+55/+78+15+51+37+56+66-,-++++++--*/7016766787/+84/609855781551375666,False
6942+4277/2028*9+44+*-83-199051*7444/58/+*-,---+6942*/4277++*202894483*69+*9051//744458,False
6751*73+11+2848*-187+9399+90-546*3616+/-/-,--++*67517311*2848/+187--+939990/*546+3616,True
9442/3*74/819264/32*21/88*70/-60-*1314*+59-,-+*/*/9442374--81/*/*/92643221887060*131459,True
3628*65/7116/99/87/25*68*+8625-55*-27-38-99-,----+/*362865**///711699872568*-862555273891,False
63812/406032*-30+4989/88/68*+/3/36*21/50/-,-6//*///3812++-40*553230*//498988683362150,False
691/87+1987*99/-81+8420/-3066*-44+51-149*-,--+--+-+/69187/*5879981/8420*30664451*149,False
6037524/18/51*99/47/3255+95+609319*34*+-//-,-60/3///*//752418519947-++325595+60**938634,False
4764+709927/+55+625/--17+8499/-67-37-9035*+,+---+-+4764-++70/992755/62517/84996737/9035,False
2736-6159/6695551+/-4186/-2514*-7814*-22-*+,+-2736*/6159-----6/69+5551/4186*2514*781422,True
995*61+867*+45-82-65-7467/51*62/+266922-*-,-+---++*99561*867458265/*/74675162*26-6922,True
2297-49/4673-*11218-7596*93/75-12+34-66--*+,+*/-229749-4673*11--218--+-/*75969375123466,True
5580*96/4047--293**19065*+97-+12-51+13-10-,--+-++-/*558096-4047*293-+1*90659712511310,False
8048+16-82-3045*92/+5+7543/-89-62+8813/10*-,-+--++--+80481682/*3045925/75438962*/881310,True
3860/93/37+4121/35/-92+9871/-657146*66/+12-+,+-+-+//38609337//41213592/9871-+65/*71466612,True
3450/50/9/47+57+46-3523/7774/8631*12*39/-*+,+-++///3450509475746*/3523-/7774/**86311239,True
4083/73-86-41-762/+30422599/-18+6781/4+-/+,++---/4083738141/762/30-+-42/259918+/67814,False
711118-/50-5791/+8391*57/20/69/90*-21-2512*+,+--+-/71-111850/5791*///*83915720699021*2512,True
4691*10*899/80/+1762*15/-179929-5556*+82-/+,+-+**461610//89980/*176215/17-+-9929*555682,False
201763*-6973/85*+197231/1851311-65++58+/+*+,++-20*1763*/697385*19+/7231/1++85+-13116558,True
3661*60-25-7686*2*+1322*5598**+2219/-9740*-,--++--*36616025**76862**1322*5598/2219*9740,True
355*71*12*2/61+16*13+8267/+6036/65-50-84++,+++*+/***355711272611613/8267+--/6036655084,False
40201692-/51164/57/20*3480/+6944/+9999*+*+/,/40+/20-1692*51+++*//1645720/3480/6944*9999,True
8733*8118/60*46/+926887/33/-1311/359175-//+-,-+*8733/*/81186046+-92//688733//1311/35-9175,False
91857333+55-68-5682/97*12/48*-10676*++*+*,*9+18*57+---+3335568*/*/5682971248+54*676,False
27785/-4648-40+589*19*2940/*43/7797*95/+/+,+-27/785/+-464840+/***58919/294043/*779795,True
63147163*+/28/5121/50*+11351//8521*62//-99+,+-+//63+14*716328*/512150//11/351/*85216299,True
216/2819588-1483*44*+3179/76/-864011//-//+,+/216/28/19--+-588**148344//317976/86/4011,True
869*381/+7678/+9+8530/9973+29+97-*+6130*+,+++++*869/381/76789*/8530-++99732997*6130,True
6123/11/93*53/7144/34/+545021/*41*13*9477**+,++/*//6123119353//714434****54/50214113*9477,True
9666/692018822720*7276**71/71-4+*-515*+-*-,-/9666*69-20+-18*82+-/**2720*727671714*515,True
655*3238/+5584/22/-73+6952/-3935*41/50*+96-,-+-+-+*655/3238//55842273/6952*/*3935415096,True
65084*49*53/+576*91*62/+76-9535*+63+7761++,+++-+-6/**50844953/**576916276*953563+7761,False
9136*83*4724*79/61-2254*80*46*8037*3346**--+,+**913683--/*47247961-***22548046**8037*3346,True
725440*6671*97*-36-21+28-6265/-97-6944*48*+*,*72+---+--*5540**667197362128/626597**694448,False
7187*56*64*93-16+8374*-85+88+88-8486/88/19*+,+-++-+-***718756649316*8374858888*//84868819,True
7355+78+*16+9064*449057*6*73*3822*+54+/*+,++*7++3557893**9064/44++***9057673*382254,False
26556//785*48-4639/+24/-998068/51/69//+75-,-+-/26/556/+-*78548/463924/99///8068516975,True
5720+2931*+29-2163+82/69/34*97/14/+90+70+9+,++++-++5720*293129//*//+2163826934101490709,False
8499/82-16+6022/58*-22+64+6672*43*+87-10+26-,-+-+++-+-/84998216*/6022582264**667243871026,True
8099*58+61+10+6718/76+6855*2787*59-*-92-74--,-+++*8099586110---+/671876**6855-*2787599274,True
7725*71-846931*2433*6451-/32*75**58987/+/-+,+-*772571-84/**6931**/*2433-64513275+58/987,True
4391*58*70-9373-7279*92/-689786*68/77**57*+-,--**43915870+--9373/*727992**68*/*9786687757,True
3657-5120*+2+25+5939/5332*92/54/38-659/-*-,-+++-3657*5120225*/5939--//*5332925438/659,True
3179/6212*32*3/38*90/-9399--94-21-6570/-79-,------/3179/*/**62123233890-93999421/657079,True
669*49/26+11+4+4124/436488*53-98+6427/--/-,-+++/*6694926114//4124-43-+-*64885398/6427,True
78554948*94/-2543/+1382/4/-3464/46*10*22--/,/78--+-55/*494894/2543//13824-**/3459461022,False
36595525*388153*48+67/-4966/28*77*48/+71+*-/,/36-59**5525++-38/+*81534867/**/496628774871,True
842011/-3281*70/11*20*98/+4699*-41+620*12/+,++-+-84/2011/**/*328170112098*469941/*62012,True
165393*71*+32+5914*22*-8053/7429**59/-8669/-,---++16**53937132**591422/*/8053*742959/8669,True
386097/+36+3+9893-55++57+8951*96+7344*+51++,++++++38/6097363+-98935557+++*895196*734451,False
3950*7416*-806614/*+41-21919-4896/1563/*-*-,--+-*3950*7464*80/661441*21--919*/4896/1563,False
5585+49-32+44*7899/82*42/76/+3044/+77+45-93+,+-+++*+-+5585493244//*/7899824276/3044774593,True
386739*-9894*45*-3071/+40834/85*24*/+27+45-,-+++--38*6739**989445/3071/40**/83485242745,True
8436/238*9884*5839*+*47-/33-69/1333*-33-83-,---////8436-**238+*9884*5839473369*13333383,False
3194154*81*84/487128/7+/3132-485832*---*++,+31+9*/**41548184-/48+/71287--3132-48*5832,True
887888*585+3151/55*+2652/+39-/+4740*58*21*+,++88/*7888-+++585*/315155/265139***47405821,False
283-6288*-11-6-79-1-81+5143/72398/*15-/+,++------283*628811679181//5143-*72/39815,False
5373-33+385416*69895*+*62-3-5-/81/46/-1+,+-+-537333///38---**5465+6*9895623581461,False
5415+49+14-1591/29/58/2864/36*982682*23*--/-,--++54154914////15912958-*/286436-98**268223,True
228+32-6892*+9177/+1526*10/-4189/-74+6317*+,++--++-+22832*6892/9177/*152610/418974*6317,True
492780*5193653/41*10+/33*46/98/91*2871/+/-*,*49-*2780/5+*//*/19+*/3653411033469811/2871,False
54943/8650*498213-/87*-*65*-3/28+114*1/+,++/-54**/943-*8650*/49-821387652828/*1141,False
341+9311*7627*8/52302341*28*-70-83-+18-*+-,-+341+*9311*/*76278-+52---30**234128798318,False
313/45*79+96-66-41981540*40/34*-76+43-*-86+,+---+*/31345799666*41-+-98*/*15404034764386,True
827282*527171//55/85*45/549553/+283/52/-*/-,-82/*7282*/*//52/7171558545-+54/9553//28352,True
336283*+24-1552*-52-1-73-9693684332+25++/++,+-----+33*624224*155252173+96/93+68++433225,False
973470/72-2295*86*+26+19-14-64-92/+4953/-70-,--+97/---++-/347072**2295862619146492/495370,True
587*92*56+9349-573/+35--7514*70/-31+4829*-,-+--+**5879256-+-9349/57335/*75147031*4829,True
6587*47*11/34354*+58+*5613*6996+91*7254**-/,/*/**65874711++34*35458-*5613**+699691*7254,True
231*62*69*79*60*1*23*10/9685++8075-78/-92-,--+/*******2316269796012310+9685/-80757892,True
153457*+93614/1462*80*6845*47/+22-8986/-*--,-+15*3457-9*/3614--+**146280/*68452522/8986,False
9298/645/+34-614721/29-6094/1*+*16+725--+,+-+/9298/64534-+*61+-/472129*/6094116-725,False
14442717+13/4**97*85*68/25*+96-74+2767*-74+,+-+-+14*/***44*/*2717134978568259674*276774,False
4851/46/97*37*5545*+531*34*+15+862/+58+91-,-+++++**//4851469737*5545**5313415/8625891,True
323/7748+*6587*-3740/74-5741/8459-982*++-+,+-*/323+7748*6587--/374074+/5741+-8459*982,True
494893/9139-*-56-16+8088*82/49/+2922*+4372/+,++++--49//4893-91395616//*80888249*2922/4372,False
6989*192*+993*+28+2437*-72-1841/20*52/20-+,+--+++*6989*192*99328*243772-/*/1841205220,True
77306297/346240/1253/77*+22-4929/5351**-+*--,-77-30*/6297+34--+/6240*/12537722*/4929*5354,False
911-322/+75+12-2886*+79+4953*-386/+9418*-,-+-++-++-911/3227512*288679*4953/386*7118,False
4616*46+6657*-6561*21/-53+4211*-21+76-33+72+,++-+-+--+*461646*6657/*65612153*421121763372,True
4971/49/32/11+6284*179295/-85-28+/68*3766//+,++///2171493211/*/*6284+--17/9295852868/3766,False
6043+1671*5093**+5+5827++77+43306636/20++*+,++++++6043**1671*50935*582777*43+30+/663620,False
9979/74/16121056+*+9814/-91-64/-11+9349-++,+//997974++---+16*12+1056/981491/6411-9349,False
385344*625820/+68-*75/16+*9444*313671/78+--*,**38+/**5344-+62/5820687516-*9444-31+/367178,True
565-16797*6670*-/9582-53+85+5185-90/32*+/-,--565//16-*797*6670+++-95825385*/-51859032,True
416027+848813616/64-97+2090+65-16+50+-**-/+,+41/+6027-5*88*13-+-/6166497++-+2090651650,False
8496*32-74-8565/534+74+33791/31/43/88-*+/+,+--*84963274//8565+++53474*3-///3791314388,True
1687/1350+1323585*75/+84+4126/-5781-86*++++,+/1687++1350+13+-++2/*35857584/4126--578186,False
1529*816/-6776*+4777/3186-5874/83*65/76/+*+,++-*1529/816*6776*/4777+-3186//*/5874836576,False
76407*4774/*+70+1114+98*62/9/+9786*69/+73+,+++++76**407/477470//*+111437629/*97866973,False
2193/21+8878*-75-73+496481/-82665/55/68*/-+,++--+/219321*88787573--49/6446/82*//6655568,False
8018+63+605*8*+5339-66*9388/*-888580*---,-+++801863**6058--53**-3966/9388-88*8580,True
7592*478*58-*5959*-421/1*11*54/-10+3285/-,-+--**7592-*47858*5959/**/4211115410/4685,False
1579/4*9996/+9-6163*61/71/99*+24+3151/+91+,++++-+*/15794/99969*//*906361719924/315191,False
5178/85+90-9769/36*-98+2218*-6078*/3+3094*-,-++-+--+/51788590*/97693698*2218*60783*3094,False
274599-7588/-2752*22*68/-78*+65658+28-18-*-,-+27*---4599/7588/**2752226878*6--+56582818,False
548*10*3819/96/3*+16-776/+1472/+3153*78/+,+++-+**54810*//381996316/776/1472/*315378,True
9570+6475/87/43/-6439/62/+7+9017*13*-1751*+,+-++-+9570///64758743//6439627**901713*1751,True
6756-82+6611*3066/60-24*46/68*3234/28-13+*/+,++-675682/*6611**/*//306660244668+-/32342813,False
717029/-27-5759/2*31/2289*-44-50+53+12*90*+,+--71/702927**++--/*/5759231*2284450531290,False
655196+74-*75/4424/-9899/-72+1375/23/60/2/-,-+--/*65-+51967475/4424/989972////137523602,False
7859+421/9/14/11*627+77-5674-3082/14/-+/-,-+7859/*///42191411+-+62777+-5674//308214,False
5985/56/69*17+9696*+6061/99*+45+765*4479+*-,-++++*//5985566917*9696*/60619945**765+4479,True
1947*9073-23411/+8+22371726*+1870/35/+*++/,/*1947+-9073+++23/4118*22++37*1726//187035,False
1676/8-4133*68*+9082/70*77/-8749*7624**+-,--+-/16768**413368/*/90827077+*8749*7*624,True
3495+6841*11/92*7571/+5396*+36-9619/90*+-25+,+-+3495+-++*/*9411192/7571*539636*/96199025,False
36350*+7840/94*8712/347*29+42/80*69/+22+*+,++3*6350**/784094++/8712/*/+*3472942801922,False
8530-1757/+10-7486-19/+255*25/+7486/47/-14+,+-++-+-8530/175710/-748619/*25525//74864714,True
759864*50/+569*39*-46-5369/11854886+89++/++,+--+75/*986450**5693946+/5369/11+85++488689,True
63087/291871/45/1836*+5078+8092*36/--17-**-,-6*/3087*29--+//187145*1836-+5078/*80923617,True
2566-3398*-3075+28-2+5327*+1685/+6957/50/+-,---9866*3398++++-+3075282*5327/1685//695750,False
5624/28*88/29*68-1976130*+4226/33/90/25/-/-,--*/*/562428882968/1-+97*6130////4226339025,True
7853*54-73-873*67*+3628**62+5556/+60-1559*-,--++++--*78535473**87367*362862/555660*1559,False
1071+72-2242/-91-8764*16/1069/61/43*4581++--,----+107172/224291-/*876416/*//10696143+4581,False
3763689/94*-10--60-3+40+4849*46*38*-863--,--++--3--76*/3689941060368***48494638-863,False
8974-9-6835+1742*41*24*--20-1577/-3323*42+-,------89749-+6835***1742412420/1577+*332342,True
69353/22/4*40/3/9823*23+29278867*8/+*-*-,-69*//*//353224403-+*982323*29+27/*88678,True
782*64*4185*+5440/-52-2470/-14-95864555/+*-,-----+**78264*4185/544052/247014*95+86/4555,True
4940/6399/-38-5527/+73+2716*+8976-*31/73*-,-+++--/4940/639938/552773*2716*/*8-9763173,True
499*72-8293/16*+47-71281/2640/+60-34/+94/-,--+-*49972*/82931647/+7/-+/1281/2640603494,True
428/47*52/5965*-4489/-70-13+26-4834251+*-+,+++---/*/4284752*5965/4489701326-48*3+4251,False
4732+73+49+262*34*+4071/55/59/4189*3/23/*+,+++++47327349**26234*///40715559//*4189323,True
7858-53-82+67-71-9747++25-17-3921/50-+42+62-,-++--+--+--785853826771+97472517//3921504262,False
63488792*/84/58/67/+27-6357/+2680/10/71*60/+,++-+63////48*879284676727/6357/*//2680107160,False
9618/89+24+197533-66-36-6738/44*4/2346+*+/-,-++/96188924/19+---75336636*/*/4338444+2346,False
4187/93/89+17-68-59-4221*+89-889/-71-4540*-,----+---+//41879389176859*422189/88971*4540,True
6165+6030*41/-65+7383/+37-97763++-2317*-22-,----++-+6165/*60304165/738337+97*763*231722,False
5307221/36+3594/46*+6565*12/52*23+97+*+10--,-5-+30*++/722136*/359446++*/*65651252239710,True
3113*74*9226*84/55*10*63/7145*+26-4-8793/-+,+**311374---+/**/*922684551063*7145264/8780,False
2947+9693*35/-3737-+7965-8435/-*35/36-394-+,+-/*+-+2947/*969335*3737--7965/84353536-394,False
941980/4995+11-1613*+*+6-59+69+1295/+6061-+,++++-+94*/1980+-+499511*161365969/1295-6061,True
6534+3646/58*-5229*93/70/38*23*3133-90+90+*+,+-+6534*/364658***//*522993703823++-31339090,True
789044+715150/6918*-87*++361*-87-72+8688*-+,+78-+--++9044+96*-/5150*691887*3618772*8688,False
8111*40/2439*+7242*96*+14-61-51+3097/76/64/+,++--++/*811140*2439**724296146151///30977664,True
9038*40*26/4159/80+*47/98-184882/-78275**+-,--/*/**90384026+/4159804771+-18/4882*7*8275,False
8785+38726+96-335383/+6229-/89/9/64/-*-61+,+-+8785*38--+72698////+33/5383-62298996461,False
7176/781*45/+3997-4914*42/35+114+-7863*-+-,-+/7176/*78145+-3997--+/*49864235+114*7863,False
9041/6512/69*799885+2073+31*+93+6660/+54+**-,-/9041**/651269*79+++++9885*+20733193/666045,False
596*32*20*97/99*9916*544*3865*-/475*+55-+,+*/***59632209799-+/*9916-*544*3865*47555,True
254*56/4318*76*56/-8243*505940/13-483/+//-,--/*25456/**43187656/*8243/50--/594013/483,False
2224*25*47/78+8691+45*+5-98+60-30+7571*+77+,+++-+-++/**2224254778**8691455986030*757177,False
80609985*35/77*-48+47+3412/+56+4441/+6936*-+,+80-+++++-60*/*998535774847/341256/4441*6936,True
526935*78*35/51*55/85/7585+1715/30+19++58-/+,+52///*/**69357835515585-++7585++/1715301958,True
735+87133*+92+98/+9671-255157-406949//-/++,+++735/++87/1339298+-9671/25--5157/40/6949,False
1474/96-995525*74*48*56/3972*-*+48+30+75+60+,+++++-/147496*99-/***5525374856*397248307560,False
6128*63/97/81-9653*-78+8450*-10+699+3332/-+,+--+--//*6128639781*965378*845010-+699/3332,False
408829-/91+9715*-93/50/66+27+3730/+67-4611--,--+++//-+/40-882991*971593506627/373067-4611,True
151398*36/-7-1173*-66+64-52+1898*62/23/88/-,-+-+---15/*1398367*1173936452///*1898622388,False
5430*76*8951/746262/48*68/+29-96+39-75-19+/+,+**543076//8951++-+-+74/*/626248682996397519,False
7122*4246/35/42+95+989/+*7698*1775+32-30-/+,+**7122+++//4246354295/989/*7698--+17753230,True
6881+77-51*442*99/-70+34978782+24/-2237/+*+,++-*-+68817751/*4429970*34+-97/+878224*2237,False
244254/677483/2-+95+48-2253/+49-7661/40/+*-,-24*/4254+-+-++67-/742429548/225349//766140,False
616964*48/-2+2+1858*+80212979-567298**-+/+,++++-61/*69644822*1858+80+21--2979*56*7298,False
9351+9+4249/40*86/-31+3937/88*+5-377/-75+,+--++-++93519/*/4249408631*/3937885/37775,False
346479/9122-83-71-897/5*946321*+62+24+*-*+,+34*/6479--+-91228371**/8975+++94*63216224,False
542*4*91/4426+20+24/33/36/+485452/+4+13-+,++/**542491///++442620243336-++48/54526813,False
9674+7343*-15+6+4263*49+64-29+46-81*+2837+-,-+++-+9674*7343156*-+-+*42634964294681+2837,True
297868*7858223862*/67/--68-/+5482*16*+8666*-,-++29/*7868--78-58//22*3862672**548216*8666,False
9096-4118648*+3576*6/-/28*7746/29*40/96+/-,--9096/*/41-+18*648/*3576628+/*/7746294096,True
6351+978/4*+9593/14*8072/-1613/+51/80*86/-,-+/6351*/9784/*/+-*/959314/8072/1613518086,False
66570-85*32*-2421*-5932*+46-57+17+63-28-17-,---++-+--6**-65708532*2421*5932465717922817,False
4842/54-25-46+9454*+2615655/80/+83+58+/-2-,--++--/4842542546*9433/2+++61//56558083582,False
565358*63*3*385393/99/70-*6/2*38743/+*-*,*56-***5358633**/*38-//5393997062+3/8743,True
4719-6+8184/79*71*51*49/57*+91-51+1780/21/-,-+-++-47196*/***/818479715149579151*/178021,False
6339*561299-4843/29*27*-3413/40/+4677*79/+/+,+*6339/56++--1299**/48432927//341340/*467779,False
9232+5070/9316*/786/87*7681*+*-175/317/*-,--+9232*//5087*9316+*/78687*7681*/175/317,False
748741/+19+453/25*99*+6330/29*75*12*-2822*+,+-+++74/874119**/4532599***/6330297512*2822,True
5886/20/87/35-19-99-2831*2/86*+88-6+37+90-,-++-+---///58162087351999*/*28312868863790,False
84579/+31+1625*7971/+17/+6051/+58*67/69*-,-++84/57931*/*+++*1625/7971/17/6051583269,False
354995/5313-80-58+/15+5228+52*+33+87+9426*+-,-35+++++//4995+--5313805815**5228523387*9426,False
444772/85+80+*51/7799*9*-6858/9987/37*48/-+,+-/*44++/4772858051**77999-/6858/*/99873748,False
229488-*87*4850-*66-56*35*28989*+3895*63*-/,/**/***22-948887-4850665635-+28*989**389563,False
572275*-59-1321*+86+19-88+72*23+23484611-**-,-+*+-++--57*227532*13218619887223*23*48-4611,False
236194*29+/41*3875*+54-1418*28/+7358*40*92+-,-+-+*/23+*61942941*387554/*141828+**73584092,True
6626+25+71+41973630+897/-891754*75/5-*-//-,-+++66262571/41/97--+3630/897*89-/*1773755,False
24662/+8962/+497569/17/1933/-/3217/54*72+*-,-++2/4662/8962*/49-//756917/1933+*/32175472,True
9521-4047/34*86/78*36/41/7163*9817*53*-3+*-,--9521*//*/*/40473486783641+-*7163**9817533,True
369534*-78-83+2024*84*70/-412331/1/*97+30++,+-+--36*95347883/**20248470+++41//233119730,False
1297+1735/+2523/+85+55+92-6061+531761*+66-/+,+-+++++1297/1735/2523855592/+6061-+53*176166,True
956339*+5157/-6728*-72586836-*+7221+13+55--+,+--+95*6339/5157*6744-+72*58-6836-++72211355,False
4765-897*144834*65825/23*74*26/14*61*+/-/-,--4765/*897-14/*4834+65**/**/8252374261461,True
9136*3851/78*+255*-71+5525*-4128*8983/+47++,+-+-+*9136*/385178*25571*5525++*4128/898347,True
3848/57*99*18-23++3359/+10-80+7215/2/+75+,+++-++/3848+-**57991823/33591080//7215275,True
4572/69/67*83/84/89/839374/9027/1463*+63+/*-,-///*//45726967838489*83//9374++/9027*146363,True
263+139*58*86/56/+86-4124/43/+1769*-9865/-,--+-++263//**13958865686//412443*1769/9865,True
385090/90/-5-30-71-5951/-13-1980/+9111/-67-,--+------38//50909053071/599813/1980/911167,False
6538*8018514534/756/+42028*47*53*63/+/-/*+,+*6538*80/18-51/+/4534/756+26/***2028475363,False
31942+*9178/*450*+47-6517/84/26473*14**/+,+-+**31+942/9178*45047///651784*26**47314,True
5725278/-9540/44*35*37*47-+33+*21-97537*-+,+-*57++-2/5278-***/9540443537473321-97*537,True
646*3238*16*96*78*53*9/-1073*38*28+5263-+-,--*646/*****3238169678539++**10733828-5263,True
6676*68*2539*8164/31+7433++-30+877*-53-/44-,-/**667668--+-*2539++/816431/743330*8775344,False
81993461/59*39/51*-/49/19-669519*15-/89*-76+,+--//81-99*/*/34615939514919*/66-*9519158976,True
9725*35/645/38*57*53*63*5*87/+9792*2/+57+,+++/*972535/*****/64538575363587/*9792257,True
129315/85*43*53*95/58/49*+1355-80*88*+234/-,-++12*//***/9315854353955849**-13558088/234,True
4358/93+641345/*-61-7287*19+85561*+228*+/-,---+/435893*64/134561//*728719++85*561*228,False
8925*11/67-78-24-5318+28*+76-55-47/-80-97-,------/*892511677824/--++5318*287655478097,True
3768/8516*9/71/+14-30-6-152/73-883*90/*+,+---+/3768//*851697114306**/15273/*88390,False
73698*88*-6080*33*75-+3887*6750-*+4993*39*-,-++-7**369888-**60803375*/3887-6750**499339,False
8589*48/3018/74+*8775*-137*+89-2481*2*3/+,+++-*/*858948+/301874*8775*13789/**248123,False
7697/28/12+24+86+95523-28-*43/-81-1395*+44-,-+--+++//769728122486/*95--523284381*139544,True
1714/85*3491*15/+11+6217/-43+22-3317*-53-31*,+---+-++*/171485/*34911511/62174322*33175331,False
313722/25*5-+40+9122/65*+7145*199951/-/-48+,+-+++31-*/372225540*/162265/*7145-19/995148,False
20981*43*26*30*+684890*/7395+/9489*94/48---,-+20****981432630-//68*4890+7395-/*94899448,True
655066-94/35*17*32*-23+888/+98-3272/+6-54-,--+-++-65***/-50669435173223/88898/3272654,True
6269*878+42-24--139/74*-204246-*91/98/+7-,-+--*6269--+8784224*/13974//*20-424691987,True
873+58-90-9059/-29+8434/75*+26-30-42+88+11+,+++--++---+8735890/905929*/8434752630428811,True
3492*81/44/3753*4*-1367*62*99/-4983/84*-35-,----//*34928144**37534/**13676299*/49838435,True
3740/424/2252*1347*+4363*9432*+6083+46-/-*+,+/3740*/424-+*2252*1347/+*4363*5332-+608346,False
6820*571837/-5049/+36*39*41/+18+49/51/9233*-,-//++*6820/**+-57/1837/5049363941184951*9233,True
8165*23959*80*-19+96-/86*81*468331/72*51+*-,-**/*8154-+-23**9598019968681*46+*/83317251,False
8318*83448199*+6658*6173*3498*-62+*+133--/-,-*8318/83-++44*8199**6658+-*6173*349862-133,True
499211968/57+/24*-48-81-2-8911*-25+7292//-,-49/+-----92*/11+/968572448812*891125/7292,True
46632/94/22858193/9*5*+4231/10/78/77/++*-,-4*//663294+22++85**/819395////4231107877,True
603/62*70*15+5569*57*83/6799*67671/+18++/+,+/**/603627015//**55695783+*6799++6/767118,False
668641/2846/3548/-8832*+5298*32/31/77*-*65*-,-66**/8641-+-/2846/3548*8832*//*529832317765,True
8359191252/91*56-9670*+*57*+46-75/-7434*-97+,+--83/-+59**19+-*/12529156*9670574675*743497,True
211944/50*23/50/-18-92-3263/-19*28+6-3463/-,--+-----21//*/19445023501892/326319286/3463,False
943*41+192428/84/8660/+*+8026/3/-7041*51*-,--++*94341*19+//242884/8660//80263**704151,True
601535/-2838*94*47*+4791*17*1*-32+77-943/-,--+-+-60/1535***28389447***479117353277/943,False
5493/3117*62*75/64/74/7781*23/6056/72*1*/*+,+/5493*///**311762756474-/*778123**/6056721,False
4259*62-28-63-6150/-64+403062*51/36*764/-/+,++----*4259622863/615064/40-*/*30625136/764,True
835984*56/+7294/992*96*22*61*+54-108/+90++,++83/*598456++-+/7294****99296226154/10890,True
2087*64/2058*-659859/30/89/-11*26*+41*12/14+,+/*+-/*208764*2058**-65///985930891126411214,True
3824/53/54/30*16/70-14-66+77+17-36-4768/34*+,+--++--/*///382453543016701466771736*/476834,True
682584/83**4270/+60+6111-4668*52/1078*-49--+,+++*68*/258483/427060--6111--/*466852*107849,True
48010/22/8162//74/67*/78186/36*51*7+80-*-,-/4*////801022/81627467*78-+**/1863651780,True
4345*3082/7*+31+7727*-78552322/28*42/81/-*-,--++*4345*/3082731*7727*78-55//*/2322284281,True
903314+99-9-1690*1176/4052/+50921566/+*-*++,+90+--+3314999**1690-+/1176/4052*50+92/1566,True
53168077*-*72*17*91*76-61+77611987/-/56*61/-,-+-****53-16*80777217397661/*/77-61/19875661,False
439*36/7050--7253*24*-11304326*+14+4781/+*-,---+*43936-7050**725324*11+++30*432614/4781,False
8231/69*76*757858/-93/61*+52-636-+37+96+1+,++++-+**/82316976*/-75/7858936152/63637961,False
9987+4822/+6258+475527-50-*-4038*17*-98-88-+,+++9922/4822----+6258*47--552750**4038179888,False
647890*80*57/+17+3956664659/43*37*-93/6/-+-,-++64/**7890805717+39-56//-66**/46594337936,True
13257670/23/+56+/56*15*19*979714-618/66*-/-,-***/13++25//76702356561519/97--9714*/61866,True
143/43/42/6+9153*179384-24+/3275*79*35*-*+,++///14343426**9153-/17++938424***32757935,False
334673/3484/-5793/8425/978283*+1248*56*+*/++,+33+-/4673/3484//5793*/8425++97*8283**124856,True
134715*8/34*65*4/8691/*37*86/+76/55*44*+,++13/**/**/*4715834654*86913786**/765544,False
4415/9457*-2-41-18+823/+3477598/+6767*-*+,+++---/4415*945724118/823*3-+47/7598*6767,True
7839*35961-89-68-/71/486**20/31*57/+41+31+,+++*7839/*/*//35---961896871*4862031574131,True
687717-953*/72*7955-/-99-5488/44-273495*---,---68/*/-7717*95372-795599--/548844-27*3495,False
819743/79/68/30/27*+3828/1*+49-7180/6377/++,+-++81*////974379683027*/3828149+/7180/6377,True
479+30-8491*+63+653835*99-/-7385/+33-92-41+,+--+-++-+47930*849163/65-*383599/7385339241,True
597744/58/70*-446/56*68/+71-72+1332*+93+92-,-+++-+-59*//77445870/*/44656687172*13329392,True
7169/80*3446*4326*4994/99*656/937334//-+-/*,**/716980/*3446-*4326+*/499499-/656/93/7334,True
7192/54/47/63-297060/57/6061/39-*-828830/+++,+-///7192544763+-29*//706057-/606139+82/8830,True
5539/4555*6991311819*54*58/885*5795*+//*/++,+/5539+*4555/69*91/31//**18195458+*885*5795,True
656658-4+89+47-39652266-/+2412*-58+-15-+84+,++65---++-665848947+-+39/65-2266*2412581584,True
53428537+286+63-2248/14/+97/-/-64+11-216/-,--+-53/42-+8537/+-+28663//224814976411/216,True
7642/4194*+4670/-27+6853+-8388/+84+5943/46*+,+++-+-+/7642*4194/467027+6853/838884*/594346,True
33075*-40388**51*66*-10905894714823+**-/++,+--3*3034***40*3885166+10/90-58*94*71+4823,False
5223/3040*39-56+53-7++153/2935*38/10++64--,-+/5223+-+-*30403956537-+/153+/*2935381064,False
336842/16+2741-4/67/86*-6828/50*+866020-*/-,-33++-+/684216*//-274146786*/682850*86-6020,False
151348/*3899*97+22+38615/18/85/*40/51/51*+*,**15/1348+++*38999722*//*38///6156185405151,False
6120/1663*+9760*+1272/-23-656978*+4823/16*+*,*--++/6120*1663*9760/127223++65*6978*/482316,False
4796/18/5212*4+5344/96/30*64-/94/+9113*+/,///479618++5//+*2124-*//534496306494*9113,True
99276*2880/55*60*52*9428/-*-1960*46+799/-+,+-99**276-***/2880556052/9428-+*196046/799,True
1845*89/876/268293/60*-45-4065*-5028*-12-+-,-//184589+/876-----26*/82936045*4065*502812,False
2035*796390/-10*+8681*4214+*13/+16+1752*73/+,++++*2035+-79/639010/**8681+42141316/*175273,False
7495/59/26*80/93-94+3981--28-1551/621169*+/-,---+-/*//74955926809394/398128//1551+62*1169,False
8953-381/+802/+3517+4540*40*+42*+8253/+9+,+++++-8953/381/802*++3517**45404042/82539,True
951237-566859+2329/694432/16/+/-3717/42*+/-*,*95--1237/56+-+6859//2329+69//443216*/371742,True
189942*+15747145//47/+*17+96+2123-7/+638/-,-+++*+18*9942+15//74/7145471796/-21237/638,True
6970+2+387*4971/21/--2153/36*-74-462/-13-,-----+-69702-*387//497121*/21533674/46213,False
3491/6147*-2132+754*90*85391034*60*86+//*-+,+-/3491*6147-+2132***75490/85/39+**10346086,True
8725-7029*43/-596/+45+69+33-8059/38*+8151/+,++-+++--8725/*702943/596456933*/805938/8151,False
4011+3458*+2255*+11+77+2566/-7995/7/95/-25-,---+++++4011*3458*22551177/2566///799579540,False
4174662976/+*69*-12+2589*75*25*91*80/49*97/-,-+-41**74+66/29766912/*/****2589752591804997,True
874631*1817/*2582+3949-80-758*+/-5+7930/-+,+87-+-**4631/1817/+2582+--394980*7585/7930,True
3146/3079/-14+19-48610*+75-+945533/33/40*-+,++-+-/3146/3079145-+48*61075-94*//55333340,False
4041+58+55*1+91-45-864*+6451*9/34/+25-96+,+-++--+*++4041585519145*864//*24519342596,False
986786/42508/48/51/-96-6587/*+6766*-68-4-/,/98---+/6786---42///508485196/6587*6766684,False
15891392*-89+-84+/74-91+9468*+599692/53+/+,+++-/15+-8+-9*139289847490*9468/59+/969253,False
4238-58-89+65-5039*+57+302/77/88*77/-8431*-,--++-+--4238588965*503957/*//302778877*8431,True
48650*49*84/+39+85-398+334*-246/+2885/+-,--++48/**65249843985++-+398*334/246/2885,False
